a)                b)               c)
-5.500  720          10  940         10  680    100
-5.400  500          20  960         20  720    50
-5.300  320          30  980         30  740    33
-5.200  160          40  960         40  740    25
-5.100  20           50  940         50  760    20
-5.000  -120         60  940         60  740    16.72
-4.900  -220         70  920         70  724    14.32
-4.800  -320         80  900         80  708    12.4
-4.700  -400         90  880         90  700    11.2
-4.600  -460        100  860        100  684    10
-4.500  -560        200  700        200  0.640  4.98
-4.400  -620        300  540        300  0.520  3.32
-4.300  -660        400  432        400  0.432  2.5
-4.200  -700        500  360        500  0.384  1.98
-4.100  -740        600  312        600  0.328  1.66
-4.000  -800        700  272        700  0.288  1.44
-3.900  -820        800  240        800  0.264  1.24
-3.800  -840        900  216        900  0.232  1.13
-3.700  -860       1000  188       1000  0.216  0.992
-3.600  -880       2000  96        2000  116    500
-3.500  -900       3000  64.4      3000  80     332
-3.400  -920       4000  48.8      4000  60     250
-3.300  -940       5000  39.2      5000  47     200
-3.200  -940       6000  32.8      6000  37     167
-3.100  -960       7000  27.6      7000  33     142
-3.000  -960       8000  24.0      8000  33     125
-2.900  -980       9000  31.6      9000  27     111
-2.800  -980      10000  19.2     10000  25       100
-2.700  -980
-1.060  -1020
