#Druck(mbar),Counts,Channel,Pulses detected bei 2,5cm
0     174   904   63009
50    184   881   62457
100   182   826   61698
150   199   804   61184
200   205   774   59786
250   219   746   59545
300   212   719   58084
350   233   689   57667
400   235   654   56901
450   245   633   56036
500   251   623   56577
550   240   594   54787
600   257   543   48507
650   271   508   43352
700   322   451   35190
750   262   443   19731
800   176   440   9231
850   73    440   2882
900   7     447   191
950   2     433   33
1000  0     0     0
