5131
5555
5100
5597
5502
5308
5041
4854
5280
5274
5156
4983
5215
4945
5567
5065
5474
5209
5526
5084
5277
5301
5451
5176
4950
5286
5440
5280
5087
5227
5547
5368
5182
4863
5258
5523
5067
5496
5215
5493
5047
5131
5001
5249
5144
4974
5353
5289
5044
4935
5304
4875
4990
4743
5136
5336
5119
4966
4807
5176
4855
5193
4935
4952
4985
5103
5137
4952
5275
4939
4751
5216
5159
5016
5291
5109
5117
5144
4876
5214
5032
5265
5115
5269
4960
5036
5024
5346
5203
5049
5079
4955
4823
4910
4947
4953
5043
5641
5531
5242
