#Druck(mbar),Counts,Channel,Pulses detected bei 2cm
#0     212   951    78949
#50    219   879    75793
#100   223   852    75596
#150   227   822    74744
#200   239   795    73799
#250   246   769    72949
#300   263   742    72668
#350   281   726    72257
#400   272   699    71129
#450   280   650    68861
#500   297   633    66846
#550   309   612    66164
#600   314   579    63336
#650   331   558    59725
700   329   505    53819
750   334   472    44985
800   344   457    36568
850   299   444    22941
900   195   443    12352
950   189   440    8248
1000  55    441    2060
