11.40 0.015
11.80 0.018
12.20 0.020
12.60 0.022
13.00 0.052
13.40 0.083
13.80 0.062
14.20 0.040
14.60 0.056
14.80 0.060
15.00 0.056
15.40 0.033
15.80 0.020
16.00 0.023
16.40 0.034
16.80 0.040
17.00 0.062
17.20 0.105
17.60 0.22
17.80 0.21
18.00 0.16
18.20 0.13
18.40 0.11
18.60 0.13
18.80 0.17
19.00 0.21
19.40 0.16
19.80 0.066
20.00 0.037
20.20 0.032
20.40 0.044
20.80 0.065
21.20 0.13
21.60 0.68
22.00 1.30
22.20 1.20
22.60 0.92
22.80 1.3
23.00 2.5
23.20 3.6
23.40 4.3
23.44 4.4
23.60 4.0
23.80 3.0
24.00 2.0
24.06 1.9
24.20 2.1
24.40 3.2
24.60 5.1
24.80 6.2
24.88 6.3
25.00 5.8
25.20 4.2
25.40 2.6
25.60 1.9
25.80 2.4
26.00 3.6
26.20 4.3
26.28 4.4
26.40 4.1
26.60 3.0
26.80 1.7
27.00 0.8
27.20 0.7
27.40 0.9
27.60 1.1
27.80 1.0
80.00 0.91
28.20 0.52
28.40 0.25
28.60 0.12
28.80 0.078
29.00 0.070
29.20 0.060
29.40 0.049
29.56 0.044
29.70 0.050
29.90 0.082
30.00 0.105
30.20 0.175
30.40 0.22
30.60 0.25
30.70 0.25
30.80 0.23
31.00 0.195
31.20 0.145
31.40 0.130
31.60 0.175
31.80 0.230
32.00 0.25
32.20 0.21
32.40 0.15
32.60 0.094
32.80 0.051
33.00 0.035
33.20 0.032
33.40 0.020
33.60 0.024
33.80 0.019
33.92 0.018
34.20 0.028
34.40 0.044
34.60 0.064
34.80 0.082
35.00 0.086
35.20 0.075
35.40 0.060
35.60 0.054
35.80 0.067
36.00 0.093
36.20 0.105
36.40 0.105
36.60 0.090
36.80 0.060
37.00 0.036
37.20 0.026
37.37 0.024
