2.00 0.023
2.25 0.023
2.75 0.0225
3.75 0.0210
4.75 0.0180
5.25 0.0165
5.75 0.0150
6.25 0.0150
7.00 0.0160
7.75 0.0195
8.75 0.0260
9.75 0.032
10.50 0.042
11.00 0.046
11.50 0.048
12.00 0.048
12.50 0.048
13.00 0.046
13.50 0.042
14.50 0.034
15.00 0.030
15.50 0.029
16.00 0.031
16.50 0.038
17.50 0.068
17.50 0.068
19.00 0.14
20.50 0.28
22.00 0.44
23.00 0.53
23.75 0.58
24.25 0.59
24.75 0.59
25.00 0.60
25.50 0.58
26.00 0.54
27.00 0.46
28.50 0.30
30.00 0.15
31.50 0.05
32.50 0.034
33.00 0.025
33.50 0.021
34.00 0.021
34.50 0.025
35.00 0.030
36.00 0.041
37.00 0.048
37.50 0.048
38.50 0.044
39.00 0.040
40.00 0.029
41.00 0.019
42.00 0.012
42.50 0.010
43.00 0.010
43.50 0.010
44.00 0.012
44.50 0.013
45.50 0.016
46.50 0.019
47.00 0.020
47.50 0.019
48.50 0.016
