12.00 0.038
12.50 0.046
13.00 0.056
13.50 0.058
14.00 0.051
14.50 0.040
15.00 0.027
15.50 0.023
15.65 0.024
15.80 0.026
16.00 0.031
16.50 0.052
17.20 0.094
17.50 0.103
17.75 0.115
17.90 0.120
18.10 0.120
18.30 0.115
18.50 0.110
19.00 0.085
19.75 0.046
20.50 0.082
19.40 0.062
20.00 0.044
20.25 0.055
21.00 0.21
21.75 0.58
22.50 1.10
23.25 1.80
23.75 2.25
24.25 2.50
24.75 2.60
25.25 2.55
25.75 2.25
26.25 1.85
27.00 1.15
27.40 0.84
28.00 0.39
28.50 0.18
29.00 0.058
29.50 0.029
29.80 0.042
30.25 0.082
30.75 0.125
31.25 0.155
31.50 0.160
31.75 0.155
32.25 0.130
33.00 0.080
33.50 0.048
34.00 0.029
34.25 0.025
34.75 0.028
35.50 0.044
36.00 0.051
36.50 0.050
37.00 0.042
37.50 0.032
