#	Temperatur 1 (°C)	Temperatur 2 (°C)	Temperatur 3 (°C)	Temperatur 4 (°C)	Temperatur 5 (°C)	Temperatur 6 (°C)	Temperatur 7 (°C)	Temperatur 8 (°C)
1	27.89	27.51	25.93	25.28	27.95	28.07	27.79	24.21
2	27.83	27.51	25.98	25.25	27.88	28.21	27.73	24.23
3	27.77	27.66	26.23	25.23	27.86	28.62	27.69	24.23
4	27.71	27.95	26.61	25.20	27.89	29.17	27.70	24.25
5	27.68	28.30	27.06	25.21	28.00	29.74	27.77	24.26
6	27.67	28.69	27.54	25.23	28.15	30.31	27.90	24.27
7	27.69	29.10	28.02	25.29	28.35	30.86	28.08	24.27
8	27.72	29.51	28.51	25.36	28.57	31.38	28.28	24.28
9	27.79	29.90	28.98	25.46	28.82	31.87	28.53	24.28
10	27.87	30.30	29.44	25.57	29.07	32.33	28.79	24.28
11	27.96	30.67	29.87	25.70	29.35	32.78	29.07	24.30
12	28.08	31.03	30.29	25.84	29.64	33.19	29.36	24.30
13	28.20	31.37	30.69	25.99	29.93	33.59	29.66	24.31
14	28.33	31.71	31.08	26.15	30.22	33.99	29.95	24.31
15	28.46	32.02	31.44	26.32	30.51	34.34	30.26	24.32
16	28.61	32.33	31.80	26.49	30.81	34.70	30.55	24.33
17	28.76	32.62	32.13	26.66	31.10	35.04	30.85	24.34
18	28.91	32.90	32.45	26.85	31.39	35.36	31.14	24.35
19	29.07	33.17	32.76	27.03	31.68	35.68	31.43	24.36
20	29.23	33.43	33.05	27.21	31.98	35.98	31.71	24.38
21	29.39	33.69	33.33	27.39	32.26	36.28	32.00	24.40
22	29.55	33.92	33.60	27.58	32.55	36.57	32.26	24.41
23	29.71	34.16	33.87	27.77	32.83	36.85	32.53	24.43
24	29.87	34.38	34.11	27.95	33.11	37.12	32.78	24.45
25	30.03	34.60	34.35	28.13	33.39	37.38	33.03	24.48
26	30.20	34.81	34.57	28.31	33.65	37.64	33.29	24.50
27	30.36	35.01	34.80	28.49	33.92	37.88	33.52	24.52
28	30.53	35.20	35.01	28.67	34.18	38.12	33.76	24.56
29	30.69	35.40	35.21	28.85	34.44	38.36	33.98	24.59
30	30.85	35.58	35.41	29.03	34.69	38.59	34.20	24.63
31	31.01	35.76	35.60	29.21	34.94	38.82	34.41	24.66
32	31.17	35.94	35.79	29.38	35.18	39.04	34.63	24.70
33	31.33	36.11	35.97	29.55	35.43	39.26	34.83	24.75
34	31.49	36.28	36.15	29.72	35.66	39.47	35.02	24.78
35	31.65	36.45	36.32	29.89	35.89	39.67	35.22	24.82
36	31.80	36.60	36.48	30.06	36.13	39.88	35.40	24.87
37	31.97	36.77	36.64	30.23	36.35	40.08	35.58	24.92
38	32.12	36.92	36.80	30.39	36.57	40.27	35.76	24.97
39	32.27	37.07	36.96	30.55	36.79	40.46	35.93	25.02
40	32.42	37.22	37.11	30.72	37.01	40.65	36.10	25.06
41	32.57	37.36	37.25	30.88	37.21	40.83	36.27	25.11
42	32.73	37.51	37.40	31.03	37.42	41.01	36.43	25.17
43	32.87	37.65	37.54	31.19	37.62	41.19	36.58	25.23
44	33.02	37.80	37.68	31.34	37.82	41.36	36.74	25.28
45	33.17	37.93	37.81	31.49	38.01	41.53	36.88	25.33
46	33.32	38.06	37.95	31.64	38.21	41.70	37.04	25.39
47	33.46	38.20	38.08	31.79	38.40	41.86	37.18	25.45
48	33.60	38.33	38.20	31.93	38.58	42.02	37.31	25.51
49	33.75	38.46	38.33	32.07	38.76	42.18	37.45	25.57
50	33.89	38.59	38.46	32.23	38.94	42.33	37.58	25.63
51	34.03	38.71	38.58	32.36	39.12	42.48	37.71	25.69
52	34.17	38.83	38.70	32.50	39.30	42.63	37.84	25.75
53	34.30	38.96	38.82	32.64	39.47	42.78	37.97	25.82
54	34.44	39.06	38.89	32.77	39.63	42.88	38.07	25.87
55	34.56	39.05	38.82	32.89	39.77	42.74	38.17	25.93
56	34.69	38.88	38.56	33.02	39.89	42.39	38.25	25.99
57	34.80	38.62	38.22	33.13	39.94	41.97	38.28	26.05
58	34.88	38.30	37.82	33.22	39.93	41.52	38.25	26.12
59	34.95	37.95	37.41	33.29	39.88	41.09	38.18	26.18
60	35.00	37.61	37.00	33.32	39.80	40.68	38.07	26.24
61	35.02	37.27	36.59	33.33	39.68	40.30	37.93	26.31
62	35.01	36.94	36.22	33.32	39.56	39.93	37.77	26.37
63	35.00	36.64	35.86	33.30	39.42	39.59	37.59	26.44
64	34.97	36.34	35.53	33.26	39.26	39.28	37.39	26.50
65	34.92	36.07	35.20	33.21	39.09	38.98	37.19	26.56
66	34.87	35.80	34.90	33.14	38.92	38.70	36.99	26.63
67	34.80	35.56	34.62	33.08	38.76	38.43	36.77	26.69
68	34.74	35.33	34.37	33.00	38.58	38.19	36.56	26.74
69	34.66	35.12	34.13	32.93	38.40	37.95	36.35	26.81
70	34.59	34.92	33.90	32.85	38.22	37.73	36.14	26.86
71	34.51	34.73	33.70	32.75	38.05	37.52	35.93	26.91
72	34.43	34.56	33.50	32.68	37.88	37.31	35.73	26.97
73	34.35	34.39	33.32	32.59	37.70	37.12	35.55	27.01
74	34.27	34.23	33.15	32.51	37.53	36.93	35.35	27.06
75	34.19	34.09	32.99	32.42	37.36	36.76	35.17	27.11
76	34.10	33.95	32.81	32.30	37.18	36.58	34.96	27.15
77	34.01	33.81	32.66	32.19	36.97	36.36	34.75	27.18
78	33.93	33.69	32.53	32.11	36.81	36.20	34.58	27.22
79	33.85	33.58	32.41	32.03	36.65	36.06	34.43	27.25
80	33.77	33.46	32.30	31.95	36.50	35.92	34.28	27.29
81	33.69	33.37	32.21	31.88	36.35	35.78	34.14	27.32
82	33.62	33.27	32.11	31.81	36.20	35.65	34.01	27.35
83	33.54	33.18	32.02	31.73	36.06	35.52	33.88	27.38
84	33.47	33.09	31.94	31.66	35.92	35.40	33.75	27.41
85	33.39	33.01	31.86	31.59	35.78	35.28	33.63	27.43
86	33.32	32.92	31.79	31.52	35.65	35.17	33.52	27.46
87	33.24	32.85	31.72	31.45	35.52	35.06	33.41	27.48
88	33.16	32.79	31.64	31.37	35.39	34.96	33.30	27.50
89	33.09	32.72	31.56	31.30	35.27	34.86	33.18	27.51
90	33.03	32.66	31.52	31.23	35.15	34.77	33.09	27.52
91	32.95	32.60	31.46	31.17	35.03	34.67	32.99	27.54
92	32.88	32.54	31.42	31.10	34.91	34.58	32.91	27.55
93	32.82	32.48	31.35	31.03	34.79	34.49	32.81	27.56
94	32.75	32.43	31.31	30.96	34.68	34.40	32.73	27.57
95	32.69	32.37	31.26	30.90	34.58	34.31	32.66	27.58
96	32.62	32.32	31.22	30.85	34.48	34.24	32.59	27.59
97	32.56	32.28	31.18	30.79	34.38	34.17	32.52	27.60
98	32.50	32.24	31.15	30.74	34.29	34.10	32.44	27.61
99	32.45	32.19	31.12	30.69	34.20	34.03	32.39	27.62
100	32.39	32.15	31.09	30.63	34.11	33.95	32.34	27.62
101	32.34	32.11	31.06	30.59	34.02	33.89	32.28	27.63
102	32.29	32.08	31.03	30.54	33.94	33.82	32.23	27.63
103	32.24	32.04	31.01	30.49	33.86	33.78	32.17	27.64
104	32.17	32.10	31.10	30.43	33.76	33.95	32.11	27.63
105	32.11	32.31	31.37	30.36	33.70	34.40	32.07	27.62
106	32.07	32.63	31.78	30.32	33.72	34.96	32.10	27.61
107	32.04	33.03	32.24	30.30	33.81	35.54	32.18	27.61
108	32.04	33.44	32.72	30.31	33.95	36.11	32.32	27.60
109	32.06	33.88	33.22	30.35	34.14	36.66	32.52	27.61
110	32.12	34.31	33.71	30.42	34.35	37.18	32.74	27.60
111	32.20	34.73	34.19	30.50	34.59	37.67	33.00	27.60
112	32.29	35.14	34.66	30.61	34.85	38.13	33.28	27.60
113	32.40	35.53	35.10	30.73	35.11	38.57	33.57	27.59
114	32.53	35.91	35.53	30.87	35.38	38.98	33.88	27.60
115	32.66	36.28	35.93	31.02	35.66	39.39	34.18	27.61
116	32.80	36.62	36.32	31.17	35.95	39.76	34.50	27.61
117	32.95	36.95	36.68	31.33	36.23	40.13	34.81	27.61
118	33.11	37.26	37.04	31.49	36.51	40.47	35.12	27.62
119	33.27	37.56	37.37	31.67	36.80	40.80	35.43	27.63
120	33.43	37.86	37.69	31.84	37.09	41.13	35.73	27.64
121	33.60	38.14	38.00	32.01	37.36	41.42	36.03	27.65
122	33.77	38.40	38.28	32.19	37.65	41.73	36.32	27.67
123	33.94	38.66	38.57	32.38	37.93	42.01	36.60	27.68
124	34.10	38.90	38.83	32.55	38.20	42.29	36.88	27.70
125	34.28	39.15	39.08	32.73	38.48	42.56	37.16	27.72
126	34.45	39.38	39.32	32.91	38.75	42.82	37.41	27.75
127	34.62	39.60	39.55	33.09	39.01	43.07	37.67	27.77
128	34.80	39.81	39.78	33.26	39.27	43.32	37.92	27.80
129	34.97	40.01	39.99	33.43	39.53	43.56	38.16	27.83
130	35.14	40.21	40.19	33.61	39.78	43.79	38.40	27.86
131	35.31	40.40	40.39	33.78	40.03	44.02	38.63	27.89
132	35.48	40.59	40.58	33.96	40.27	44.24	38.85	27.93
133	35.65	40.77	40.77	34.12	40.51	44.45	39.07	27.97
134	35.81	40.95	40.94	34.29	40.75	44.66	39.28	28.01
135	35.98	41.12	41.12	34.45	40.98	44.87	39.49	28.05
136	36.14	41.29	41.29	34.62	41.20	45.07	39.68	28.09
137	36.30	41.45	41.45	34.78	41.43	45.27	39.87	28.14
138	36.46	41.61	41.61	34.94	41.65	45.46	40.06	28.18
139	36.62	41.77	41.76	35.10	41.87	45.65	40.24	28.23
140	36.78	41.93	41.91	35.26	42.08	45.83	40.41	28.28
141	36.94	42.07	42.05	35.41	42.28	46.01	40.58	28.33
142	37.10	42.22	42.20	35.57	42.48	46.19	40.75	28.39
143	37.25	42.36	42.33	35.71	42.68	46.36	40.91	28.44
144	37.40	42.50	42.46	35.86	42.87	46.52	41.07	28.50
145	37.56	42.64	42.59	36.01	43.07	46.69	41.22	28.55
146	37.71	42.78	42.72	36.15	43.25	46.85	41.37	28.61
147	37.86	42.91	42.85	36.30	43.44	47.00	41.51	28.66
148	38.01	43.04	42.97	36.44	43.62	47.16	41.65	28.73
149	38.15	43.17	43.08	36.57	43.80	47.31	41.79	28.79
150	38.30	43.30	43.20	36.71	43.97	47.46	41.92	28.84
151	38.44	43.42	43.32	36.85	44.14	47.60	42.05	28.90
152	38.58	43.55	43.43	36.99	44.31	47.74	42.19	28.97
153	38.72	43.66	43.54	37.12	44.47	47.87	42.31	29.03
154	38.85	43.71	43.51	37.22	44.61	47.84	42.39	29.08
155	38.97	43.59	43.31	37.34	44.74	47.55	42.48	29.14
156	39.09	43.35	42.98	37.45	44.80	47.13	42.53	29.20
157	39.18	43.03	42.58	37.54	44.81	46.67	42.52	29.26
158	39.25	42.68	42.15	37.60	44.77	46.22	42.46	29.31
159	39.30	42.33	41.72	37.63	44.69	45.78	42.36	29.37
160	39.32	41.97	41.29	37.64	44.57	45.37	42.22	29.44
161	39.32	41.62	40.88	37.63	44.44	44.98	42.05	29.50
162	39.30	41.30	40.49	37.60	44.28	44.62	41.86	29.55
163	39.26	40.99	40.13	37.55	44.13	44.28	41.66	29.61
164	39.22	40.68	39.78	37.49	43.96	43.95	41.45	29.67
165	39.16	40.40	39.45	37.42	43.78	43.64	41.22	29.73
166	39.10	40.14	39.14	37.34	43.60	43.36	41.01	29.78
167	39.03	39.88	38.85	37.26	43.41	43.09	40.78	29.84
168	38.95	39.65	38.59	37.17	43.23	42.83	40.55	29.89
169	38.86	39.43	38.33	37.07	43.04	42.59	40.33	29.95
170	38.79	39.22	38.10	36.97	42.85	42.36	40.12	30.00
171	38.70	39.03	37.88	36.87	42.66	42.13	39.90	30.05
172	38.61	38.85	37.67	36.77	42.47	41.92	39.69	30.09
173	38.52	38.67	37.47	36.67	42.28	41.71	39.49	30.14
174	38.41	38.50	37.30	36.57	42.10	41.51	39.29	30.18
175	38.32	38.35	37.12	36.47	41.92	41.32	39.10	30.23
176	38.23	38.20	36.96	36.37	41.74	41.14	38.91	30.26
177	38.14	38.05	36.82	36.27	41.56	40.97	38.73	30.30
178	38.04	37.93	36.67	36.17	41.39	40.80	38.56	30.34
179	37.95	37.80	36.54	36.08	41.22	40.64	38.39	30.37
180	37.87	37.69	36.42	35.98	41.04	40.48	38.23	30.39
181	37.77	37.57	36.30	35.88	40.89	40.33	38.08	30.42
182	37.69	37.47	36.19	35.80	40.72	40.19	37.93	30.45
183	37.60	37.37	36.09	35.70	40.56	40.04	37.78	30.47
184	37.51	37.27	35.99	35.61	40.41	39.90	37.65	30.49
185	37.43	37.18	35.89	35.52	40.25	39.77	37.52	30.51
186	37.35	37.09	35.81	35.42	40.11	39.64	37.38	30.54
187	37.26	37.00	35.73	35.33	39.96	39.52	37.26	30.55
188	37.18	36.93	35.65	35.25	39.82	39.41	37.16	30.56
189	37.10	36.85	35.57	35.16	39.69	39.29	37.04	30.57
190	37.01	36.78	35.50	35.08	39.55	39.18	36.93	30.59
191	36.94	36.70	35.43	35.01	39.43	39.07	36.84	30.59
192	36.86	36.63	35.36	34.93	39.30	38.97	36.73	30.60
193	36.78	36.56	35.32	34.85	39.18	38.87	36.64	30.61
194	36.70	36.50	35.26	34.78	39.06	38.77	36.56	30.61
195	36.63	36.43	35.21	34.71	38.94	38.68	36.47	30.62
196	36.55	36.38	35.15	34.64	38.82	38.59	36.39	30.62
197	36.47	36.32	35.09	34.57	38.71	38.50	36.31	30.62
198	36.41	36.26	35.05	34.49	38.60	38.41	36.23	30.62
199	36.34	36.20	35.01	34.42	38.50	38.32	36.17	30.61
200	36.27	36.16	34.97	34.36	38.39	38.25	36.10	30.61
201	36.20	36.10	34.93	34.30	38.30	38.17	36.03	30.62
202	36.13	36.05	34.88	34.24	38.19	38.09	35.96	30.61
203	36.07	36.00	34.85	34.16	38.10	38.02	35.90	30.60
204	36.00	36.01	34.88	34.10	38.00	38.10	35.82	30.59
205	35.93	36.17	35.10	34.02	37.91	38.47	35.78	30.58
206	35.86	36.45	35.46	33.96	37.89	38.98	35.77	30.57
207	35.82	36.82	35.90	33.93	37.93	39.55	35.83	30.56
208	35.81	37.23	36.38	33.92	38.05	40.10	35.95	30.55
209	35.82	37.65	36.87	33.95	38.21	40.65	36.12	30.55
210	35.86	38.07	37.36	33.99	38.40	41.16	36.33	30.54
211	35.92	38.49	37.84	34.07	38.62	41.65	36.58	30.54
212	36.00	38.90	38.30	34.15	38.86	42.10	36.84	30.54
213	36.11	39.29	38.74	34.27	39.11	42.53	37.13	30.54
214	36.22	39.66	39.17	34.39	39.37	42.94	37.43	30.54
215	36.35	40.02	39.58	34.53	39.63	43.33	37.73	30.53
216	36.48	40.35	39.95	34.67	39.89	43.69	38.04	30.54
217	36.62	40.68	40.32	34.83	40.17	44.04	38.35	30.54
218	36.77	40.99	40.66	34.99	40.44	44.37	38.66	30.54
219	36.93	41.28	41.00	35.15	40.71	44.69	38.95	30.55
220	37.08	41.57	41.31	35.32	40.98	45.00	39.25	30.55
221	37.24	41.84	41.61	35.49	41.25	45.30	39.55	30.56
222	37.41	42.10	41.89	35.66	41.52	45.59	39.83	30.58
223	37.57	42.35	42.17	35.83	41.78	45.86	40.12	30.59
224	37.74	42.59	42.43	36.00	42.05	46.12	40.39	30.60
225	37.90	42.82	42.68	36.17	42.31	46.39	40.66	30.62
226	38.07	43.04	42.92	36.34	42.57	46.64	40.92	30.64
227	38.23	43.25	43.14	36.52	42.81	46.88	41.17	30.66
228	38.40	43.46	43.36	36.68	43.07	47.12	41.42	30.69
229	38.57	43.66	43.57	36.84	43.32	47.35	41.66	30.71
230	38.73	43.86	43.77	37.02	43.56	47.57	41.89	30.74
231	38.90	44.04	43.96	37.19	43.80	47.79	42.11	30.78
232	39.06	44.22	44.15	37.35	44.03	48.01	42.33	30.81
233	39.22	44.40	44.33	37.51	44.26	48.21	42.54	30.84
234	39.38	44.57	44.51	37.67	44.49	48.42	42.75	30.88
235	39.54	44.74	44.68	37.83	44.71	48.61	42.95	30.92
236	39.70	44.90	44.84	37.99	44.92	48.81	43.14	30.96
237	39.86	45.06	44.99	38.15	45.14	48.99	43.33	31.01
238	40.01	45.21	45.15	38.30	45.35	49.18	43.51	31.05
239	40.17	45.36	45.29	38.45	45.55	49.35	43.69	31.09
240	40.32	45.50	45.44	38.60	45.75	49.53	43.86	31.14
241	40.47	45.65	45.57	38.76	45.95	49.70	44.02	31.19
242	40.62	45.79	45.71	38.90	46.14	49.86	44.19	31.24
243	40.77	45.92	45.84	39.05	46.33	50.02	44.34	31.29
244	40.91	46.05	45.97	39.19	46.52	50.18	44.49	31.34
245	41.06	46.18	46.10	39.33	46.70	50.33	44.65	31.39
246	41.20	46.31	46.21	39.47	46.87	50.48	44.79	31.45
247	41.34	46.44	46.33	39.61	47.05	50.63	44.93	31.50
248	41.48	46.56	46.45	39.75	47.22	50.77	45.07	31.56
249	41.62	46.68	46.55	39.88	47.39	50.91	45.19	31.62
250	41.77	46.80	46.66	40.01	47.55	51.05	45.31	31.67
251	41.90	46.91	46.77	40.14	47.71	51.18	45.45	31.74
252	42.03	47.03	46.87	40.26	47.87	51.31	45.57	31.79
253	42.17	47.13	46.97	40.39	48.02	51.44	45.68	31.86
254	42.29	47.17	46.91	40.48	48.16	51.38	45.74	31.89
255	42.40	47.03	46.69	40.59	48.26	51.07	45.82	31.94
256	42.51	46.78	46.34	40.69	48.31	50.62	45.85	32.00
257	42.59	46.45	45.93	40.76	48.30	50.16	45.83	32.05
258	42.65	46.09	45.48	40.81	48.24	49.68	45.75	32.11
259	42.68	45.72	45.03	40.83	48.14	49.24	45.63	32.16
260	42.69	45.35	44.60	40.82	48.01	48.81	45.48	32.22
261	42.68	44.99	44.17	40.79	47.86	48.40	45.30	32.28
262	42.64	44.64	43.76	40.74	47.69	48.03	45.10	32.33
263	42.59	44.32	43.38	40.68	47.52	47.67	44.89	32.38
264	42.53	44.01	43.02	40.61	47.33	47.33	44.67	32.44
265	42.46	43.71	42.68	40.53	47.14	47.02	44.43	32.49
266	42.38	43.44	42.35	40.43	46.95	46.72	44.20	32.54
267	42.30	43.18	42.06	40.34	46.75	46.43	43.97	32.59
268	42.21	42.93	41.78	40.24	46.55	46.17	43.73	32.64
269	42.11	42.70	41.51	40.13	46.35	45.90	43.50	32.68
270	42.02	42.48	41.26	40.02	46.14	45.65	43.27	32.73
271	41.92	42.27	41.03	39.91	45.94	45.42	43.04	32.78
272	41.82	42.08	40.81	39.80	45.74	45.19	42.82	32.82
273	41.71	41.89	40.60	39.68	45.54	44.97	42.60	32.86
274	41.60	41.71	40.41	39.57	45.34	44.76	42.39	32.90
275	41.50	41.54	40.23	39.45	45.14	44.56	42.19	32.93
276	41.40	41.39	40.06	39.33	44.95	44.37	41.99	32.96
277	41.29	41.24	39.90	39.21	44.76	44.17	41.82	32.98
278	41.19	41.09	39.74	39.10	44.57	43.99	41.63	33.01
279	41.09	40.96	39.60	38.99	44.38	43.82	41.45	33.04
280	40.98	40.83	39.46	38.89	44.21	43.65	41.28	33.06
281	40.89	40.70	39.33	38.78	44.03	43.49	41.12	33.09
282	40.79	40.58	39.20	38.68	43.86	43.33	40.96	33.12
283	40.69	40.47	39.08	38.58	43.69	43.18	40.80	33.14
284	40.60	40.37	38.97	38.48	43.53	43.02	40.65	33.15
285	40.49	40.26	38.86	38.38	43.36	42.88	40.51	33.17
286	40.40	40.16	38.76	38.28	43.20	42.74	40.37	33.18
287	40.30	40.06	38.67	38.19	43.04	42.61	40.24	33.20
288	40.21	39.97	38.57	38.09	42.89	42.47	40.12	33.20
289	40.12	39.88	38.49	37.99	42.75	42.35	40.00	33.20
290	40.03	39.79	38.40	37.90	42.60	42.22	39.88	33.20
291	39.94	39.71	38.32	37.81	42.47	42.10	39.76	33.21
292	39.85	39.62	38.24	37.71	42.32	41.98	39.65	33.21
293	39.76	39.55	38.18	37.63	42.19	41.87	39.54	33.21
294	39.68	39.47	38.11	37.54	42.06	41.76	39.45	33.21
295	39.60	39.40	38.04	37.46	41.93	41.66	39.35	33.21
296	39.51	39.32	37.98	37.38	41.81	41.56	39.25	33.21
297	39.44	39.26	37.92	37.31	41.68	41.46	39.17	33.21
298	39.36	39.20	37.86	37.23	41.56	41.36	39.08	33.21
299	39.28	39.14	37.80	37.15	41.45	41.27	38.99	33.21
300	39.20	39.08	37.75	37.08	41.34	41.18	38.92	33.20
301	39.13	39.02	37.70	37.00	41.23	41.09	38.85	33.19
302	39.05	38.97	37.65	36.93	41.12	41.01	38.78	33.18
303	38.97	38.91	37.60	36.86	41.01	40.93	38.71	33.17
304	38.90	38.85	37.54	36.78	40.91	40.84	38.63	33.16
305	38.81	38.79	37.49	36.69	40.78	40.78	38.55	33.15
306	38.72	38.85	37.62	36.61	40.66	41.01	38.48	33.12
307	38.64	39.08	37.93	36.54	40.60	41.46	38.44	33.11
308	38.59	39.39	38.34	36.49	40.61	41.99	38.47	33.10
309	38.55	39.78	38.80	36.46	40.69	42.54	38.56	33.08
310	38.55	40.19	39.28	36.47	40.82	43.09	38.71	33.06
311	38.57	40.60	39.76	36.50	41.00	43.60	38.89	33.05
312	38.61	41.02	40.24	36.56	41.19	44.09	39.12	33.04
313	38.68	41.41	40.70	36.64	41.41	44.55	39.38	33.04
314	38.76	41.80	41.14	36.73	41.65	44.98	39.65	33.03
315	38.86	42.17	41.58	36.85	41.89	45.39	39.94	33.03
316	38.97	42.52	41.98	36.98	42.14	45.78	40.23	33.01
317	39.10	42.86	42.36	37.11	42.40	46.15	40.53	33.01
318	39.23	43.19	42.73	37.25	42.66	46.50	40.84	33.01
319	39.37	43.50	43.08	37.40	42.92	46.83	41.13	33.01
320	39.52	43.79	43.41	37.56	43.19	47.15	41.43	33.01
321	39.66	44.07	43.73	37.72	43.46	47.46	41.73	33.01
322	39.81	44.35	44.03	37.88	43.72	47.76	42.02	33.01
323	39.97	44.60	44.32	38.04	43.98	48.04	42.30	33.02
324	40.13	44.85	44.59	38.21	44.24	48.32	42.58	33.02
325	40.28	45.08	44.85	38.38	44.49	48.58	42.86	33.04
326	40.44	45.32	45.10	38.54	44.75	48.84	43.13	33.05
327	40.60	45.54	45.34	38.71	45.00	49.09	43.38	33.06
328	40.76	45.75	45.56	38.88	45.24	49.33	43.63	33.08
329	40.92	45.95	45.78	39.04	45.49	49.56	43.88	33.10
330	41.08	46.15	45.99	39.20	45.73	49.78	44.12	33.12
331	41.23	46.33	46.19	39.37	45.97	50.01	44.35	33.14
332	41.38	46.52	46.38	39.53	46.20	50.22	44.57	33.17
333	41.55	46.69	46.56	39.69	46.43	50.42	44.79	33.20
334	41.70	46.87	46.74	39.85	46.65	50.62	45.00	33.23
335	41.86	47.03	46.91	40.00	46.87	50.82	45.20	33.26
336	42.01	47.19	47.07	40.16	47.09	51.01	45.40	33.29
337	42.17	47.35	47.23	40.31	47.30	51.20	45.59	33.33
338	42.32	47.50	47.38	40.46	47.51	51.38	45.77	33.37
339	42.47	47.65	47.53	40.62	47.71	51.55	45.95	33.40
340	42.62	47.79	47.68	40.77	47.91	51.73	46.12	33.45
341	42.76	47.93	47.82	40.91	48.11	51.89	46.29	33.49
342	42.91	48.07	47.95	41.06	48.30	52.05	46.45	33.53
343	43.05	48.20	48.08	41.20	48.48	52.21	46.61	33.58
344	43.19	48.34	48.21	41.34	48.67	52.37	46.77	33.63
345	43.33	48.47	48.33	41.48	48.85	52.52	46.91	33.67
346	43.47	48.59	48.45	41.62	49.02	52.67	47.06	33.73
347	43.61	48.70	48.56	41.75	49.20	52.82	47.19	33.78
348	43.75	48.82	48.67	41.88	49.37	52.96	47.33	33.83
349	43.88	48.94	48.78	42.01	49.53	53.09	47.46	33.88
350	44.01	49.06	48.89	42.14	49.69	53.23	47.59	33.93
351	44.15	49.17	49.00	42.26	49.86	53.36	47.71	33.99
352	44.27	49.27	49.10	42.39	50.01	53.49	47.84	34.04
353	44.40	49.39	49.20	42.51	50.16	53.61	47.96	34.10
354	44.53	49.44	49.19	42.61	50.29	53.62	48.02	34.13
355	44.64	49.35	49.00	42.70	50.40	53.35	48.09	34.17
356	44.73	49.11	48.67	42.79	50.46	52.93	48.13	34.22
357	44.81	48.80	48.26	42.85	50.46	52.46	48.12	34.25
358	44.86	48.43	47.81	42.90	50.41	51.98	48.06	34.30
359	44.88	48.05	47.35	42.92	50.30	51.54	47.95	34.35
360	44.89	47.67	46.90	42.91	50.18	51.10	47.80	34.39
361	44.86	47.30	46.47	42.89	50.03	50.68	47.61	34.44
362	44.82	46.95	46.05	42.84	49.86	50.29	47.42	34.50
363	44.76	46.61	45.65	42.77	49.68	49.93	47.21	34.54
364	44.70	46.28	45.28	42.70	49.49	49.58	46.98	34.59
365	44.62	45.98	44.93	42.60	49.30	49.25	46.75	34.64
366	44.53	45.69	44.60	42.50	49.10	48.94	46.52	34.68
367	44.44	45.40	44.29	42.40	48.89	48.64	46.28	34.72
368	44.33	45.14	44.00	42.29	48.68	48.36	46.04	34.76
369	44.23	44.90	43.71	42.17	48.47	48.09	45.80	34.81
370	44.13	44.66	43.45	42.05	48.26	47.83	45.57	34.85
371	44.02	44.44	43.21	41.94	48.06	47.58	45.34	34.89
372	43.91	44.23	42.97	41.82	47.85	47.34	45.11	34.92
373	43.79	44.03	42.75	41.69	47.64	47.12	44.89	34.96
374	43.68	43.85	42.55	41.57	47.43	46.89	44.67	34.99
375	43.57	43.67	42.35	41.45	47.23	46.69	44.46	35.01
376	43.46	43.50	42.17	41.33	47.03	46.48	44.26	35.04
377	43.34	43.34	41.99	41.21	46.83	46.28	44.06	35.06
378	43.23	43.18	41.82	41.09	46.64	46.09	43.87	35.09
379	43.12	43.04	41.67	40.98	46.45	45.91	43.67	35.11
380	43.01	42.90	41.51	40.86	46.27	45.73	43.49	35.12
381	42.90	42.77	41.38	40.74	46.08	45.56	43.32	35.14
382	42.79	42.63	41.24	40.62	45.91	45.39	43.15	35.16
383	42.69	42.50	41.11	40.51	45.72	45.22	42.99	35.16
384	42.57	42.38	40.98	40.40	45.55	45.07	42.82	35.18
385	42.47	42.26	40.86	40.29	45.37	44.91	42.67	35.18
386	42.36	42.15	40.75	40.18	45.20	44.76	42.52	35.18
387	42.27	42.04	40.65	40.07	45.05	44.61	42.39	35.18
388	42.17	41.94	40.55	39.97	44.89	44.47	42.26	35.18
389	42.07	41.84	40.45	39.87	44.74	44.34	42.12	35.19
390	41.97	41.75	40.36	39.77	44.58	44.21	42.00	35.18
391	41.88	41.66	40.27	39.68	44.43	44.08	41.88	35.19
392	41.79	41.57	40.19	39.58	44.29	43.96	41.77	35.19
393	41.70	41.49	40.11	39.49	44.15	43.83	41.65	35.18
394	41.61	41.41	40.03	39.40	44.01	43.71	41.54	35.18
395	41.52	41.33	39.95	39.31	43.88	43.60	41.43	35.18
396	41.43	41.26	39.88	39.22	43.74	43.49	41.33	35.17
397	41.35	41.18	39.82	39.13	43.61	43.39	41.23	35.17
398	41.26	41.11	39.75	39.04	43.49	43.28	41.14	35.15
399	41.18	41.04	39.68	38.97	43.37	43.18	41.05	35.15
400	41.10	40.96	39.63	38.89	43.25	43.08	40.97	35.14
401	41.01	40.89	39.56	38.81	43.13	42.99	40.88	35.13
402	40.93	40.83	39.51	38.73	43.02	42.89	40.79	35.12
403	40.85	40.76	39.45	38.65	42.90	42.79	40.71	35.10
404	40.76	40.73	39.42	38.57	42.78	42.79	40.62	35.08
405	40.67	40.83	39.57	38.46	42.65	43.07	40.54	35.06
406	40.58	41.07	39.89	38.38	42.58	43.53	40.50	35.04
407	40.52	41.40	40.30	38.32	42.59	44.07	40.53	35.02
408	40.48	41.78	40.76	38.29	42.67	44.59	40.62	35.00
409	40.47	42.18	41.23	38.29	42.79	45.11	40.76	34.98
410	40.49	42.59	41.71	38.32	42.96	45.60	40.95	34.97
411	40.53	42.98	42.16	38.38	43.15	46.07	41.17	34.96
412	40.60	43.37	42.62	38.46	43.35	46.51	41.42	34.94
413	40.68	43.75	43.05	38.55	43.58	46.92	41.69	34.94
414	40.78	44.10	43.46	38.66	43.82	47.32	41.97	34.93
415	40.88	44.45	43.86	38.79	44.06	47.69	42.25	34.92
416	40.99	44.78	44.23	38.91	44.31	48.04	42.54	34.91
417	41.13	45.09	44.59	39.06	44.56	48.38	42.83	34.91
418	41.26	45.38	44.93	39.21	44.81	48.70	43.13	34.90
419	41.40	45.67	45.25	39.35	45.07	49.01	43.42	34.90
420	41.54	45.94	45.56	39.51	45.32	49.30	43.70	34.90
421	41.69	46.20	45.84	39.66	45.57	49.59	43.99	34.90
422	41.84	46.45	46.12	39.83	45.82	49.86	44.27	34.90
423	41.99	46.69	46.38	39.98	46.07	50.12	44.53	34.91
424	42.13	46.91	46.64	40.15	46.33	50.38	44.80	34.91
425	42.29	47.13	46.87	40.30	46.57	50.62	45.05	34.93
426	42.44	47.35	47.10	40.46	46.81	50.86	45.30	34.94
427	42.59	47.55	47.32	40.63	47.05	51.09	45.54	34.95
428	42.74	47.74	47.52	40.79	47.28	51.32	45.78	34.96
429	42.89	47.93	47.72	40.94	47.52	51.53	46.01	34.98
430	43.05	48.11	47.92	41.10	47.74	51.74	46.23	35.01
431	43.20	48.28	48.10	41.25	47.97	51.95	46.44	35.03
432	43.35	48.45	48.28	41.41	48.19	52.15	46.65	35.05
433	43.50	48.62	48.44	41.56	48.40	52.33	46.84	35.08
434	43.64	48.77	48.61	41.72	48.61	52.52	47.04	35.11
435	43.79	48.93	48.77	41.87	48.82	52.70	47.23	35.13
436	43.94	49.08	48.92	42.01	49.02	52.88	47.41	35.17
437	44.09	49.22	49.06	42.16	49.22	53.06	47.58	35.21
438	44.23	49.36	49.20	42.31	49.41	53.22	47.75	35.24
439	44.37	49.50	49.34	42.45	49.61	53.39	47.92	35.28
440	44.51	49.63	49.47	42.58	49.79	53.55	48.08	35.32
441	44.65	49.77	49.59	42.72	49.98	53.71	48.23	35.36
442	44.79	49.89	49.72	42.86	50.15	53.85	48.38	35.41
443	44.93	50.02	49.84	42.99	50.33	54.00	48.52	35.45
444	45.06	50.14	49.96	43.13	50.51	54.14	48.67	35.49
445	45.20	50.25	50.07	43.26	50.67	54.29	48.80	35.54
446	45.33	50.37	50.18	43.39	50.84	54.42	48.94	35.59
447	45.46	50.49	50.28	43.51	51.00	54.56	49.06	35.63
448	45.59	50.59	50.39	43.64	51.15	54.69	49.19	35.68
449	45.72	50.70	50.49	43.76	51.31	54.81	49.31	35.73
450	45.84	50.81	50.59	43.89	51.46	54.94	49.43	35.78
451	45.97	50.91	50.69	44.01	51.61	55.06	49.54	35.83
452	46.09	51.01	50.79	44.13	51.75	55.18	49.66	35.88
453	46.21	51.11	50.88	44.25	51.89	55.29	49.77	35.94
454	46.33	51.18	50.90	44.33	52.03	55.33	49.85	35.98
455	46.44	51.09	50.70	44.42	52.13	55.07	49.90	36.01
456	46.53	50.86	50.36	44.51	52.18	54.64	49.92	36.05
457	46.60	50.53	49.94	44.57	52.18	54.17	49.90	36.09
458	46.65	50.16	49.48	44.61	52.11	53.69	49.83	36.13
459	46.67	49.79	49.02	44.62	52.00	53.22	49.71	36.18
460	46.67	49.40	48.56	44.60	51.87	52.78	49.56	36.22
461	46.65	49.03	48.12	44.56	51.72	52.36	49.37	36.26
462	46.61	48.67	47.70	44.50	51.55	51.97	49.17	36.30
463	46.55	48.33	47.30	44.43	51.36	51.59	48.95	36.34
464	46.47	48.00	46.92	44.33	51.17	51.24	48.72	36.39
465	46.39	47.68	46.55	44.23	50.97	50.91	48.48	36.42
466	46.29	47.38	46.20	44.12	50.75	50.58	48.23	36.47
467	46.18	47.09	45.89	44.00	50.53	50.27	47.98	36.51
468	46.07	46.82	45.59	43.89	50.31	49.99	47.73	36.55
469	45.96	46.57	45.31	43.77	50.10	49.71	47.49	36.59
470	45.85	46.32	45.03	43.65	49.88	49.45	47.25	36.63
471	45.73	46.10	44.78	43.53	49.67	49.20	47.00	36.67
472	45.61	45.88	44.53	43.39	49.46	48.96	46.77	36.71
473	45.49	45.68	44.31	43.26	49.24	48.72	46.54	36.74
474	45.37	45.48	44.10	43.13	49.03	48.50	46.31	36.77
475	45.25	45.29	43.89	43.00	48.82	48.28	46.10	36.80
476	45.13	45.12	43.69	42.87	48.60	48.06	45.88	36.82
477	45.01	44.95	43.51	42.74	48.40	47.86	45.67	36.85
478	44.89	44.78	43.34	42.61	48.20	47.66	45.47	36.87
479	44.77	44.63	43.18	42.47	48.00	47.47	45.28	36.88
480	44.65	44.48	43.02	42.34	47.80	47.28	45.10	36.89
481	44.53	44.35	42.88	42.21	47.62	47.10	44.94	36.89
482	44.41	44.21	42.74	42.09	47.44	46.93	44.77	36.90
483	44.30	44.08	42.60	41.96	47.25	46.76	44.61	36.91
484	44.18	43.95	42.47	41.84	47.07	46.60	44.45	36.90
485	44.07	43.83	42.34	41.73	46.89	46.44	44.28	36.91
486	43.96	43.72	42.22	41.61	46.72	46.29	44.14	36.91
487	43.85	43.60	42.10	41.50	46.55	46.14	43.99	36.91
488	43.74	43.50	41.99	41.39	46.38	45.99	43.86	36.91
489	43.63	43.39	41.89	41.27	46.22	45.85	43.72	36.91
490	43.52	43.30	41.78	41.16	46.06	45.71	43.59	36.90
491	43.41	43.20	41.70	41.05	45.90	45.58	43.47	36.89
492	43.31	43.10	41.60	40.95	45.75	45.44	43.35	36.88
493	43.20	43.00	41.51	40.85	45.60	45.32	43.23	36.88
494	43.10	42.91	41.43	40.75	45.45	45.19	43.11	36.86
495	43.00	42.82	41.35	40.65	45.30	45.07	43.00	36.85
496	42.90	42.73	41.26	40.56	45.16	44.94	42.89	36.84
497	42.80	42.65	41.19	40.46	45.03	44.83	42.79	36.83
498	42.70	42.57	41.12	40.37	44.90	44.72	42.69	36.81
499	42.61	42.49	41.04	40.28	44.77	44.61	42.59	36.80
500	42.52	42.40	40.98	40.19	44.64	44.50	42.50	36.78
501	42.43	42.33	40.90	40.11	44.52	44.39	42.41	36.76
502	42.34	42.25	40.84	40.02	44.40	44.30	42.32	36.74
503	42.25	42.18	40.77	39.92	44.28	44.20	42.24	36.73
504	42.17	42.11	40.71	39.84	44.17	44.10	42.15	36.70
505	42.07	42.03	40.64	39.74	44.03	44.02	42.05	36.67
506	41.96	42.06	40.71	39.64	43.88	44.17	41.97	36.64
507	41.87	42.25	40.98	39.56	43.79	44.58	41.91	36.61
508	41.79	42.54	41.36	39.49	43.78	45.09	41.91	36.59
509	41.74	42.91	41.81	39.45	43.83	45.62	41.98	36.57
510	41.72	43.30	42.27	39.44	43.94	46.14	42.10	36.55
511	41.72	43.70	42.74	39.47	44.09	46.65	42.27	36.53
512	41.75	44.10	43.21	39.51	44.28	47.12	42.48	36.51
513	41.80	44.48	43.66	39.58	44.48	47.57	42.72	36.49
514	41.87	44.86	44.10	39.67	44.70	47.99	42.98	36.48
515	41.96	45.22	44.52	39.78	44.93	48.39	43.25	36.46
516	42.06	45.56	44.92	39.89	45.17	48.76	43.53	36.45
517	42.17	45.89	45.30	40.02	45.41	49.12	43.82	36.44
518	42.29	46.21	45.65	40.16	45.66	49.46	44.10	36.43
519	42.42	46.50	46.00	40.30	45.91	49.78	44.39	36.42
520	42.56	46.79	46.33	40.44	46.16	50.09	44.69	36.41
521	42.69	47.06	46.64	40.60	46.42	50.39	44.98	36.41
522	42.83	47.32	46.93	40.75	46.66	50.67	45.26	36.40
523	42.97	47.56	47.21	40.91	46.91	50.95	45.53	36.41
524	43.12	47.80	47.47	41.07	47.16	51.21	45.80	36.41
525	43.27	48.03	47.73	41.23	47.40	51.46	46.07	36.41
526	43.42	48.25	47.97	41.38	47.65	51.71	46.33	36.42
527	43.56	48.45	48.19	41.55	47.89	51.94	46.57	36.43
528	43.71	48.66	48.42	41.71	48.12	52.17	46.82	36.43
529	43.86	48.85	48.62	41.86	48.36	52.39	47.05	36.45
530	44.02	49.04	48.82	42.02	48.58	52.61	47.28	36.46
531	44.16	49.22	49.02	42.18	48.81	52.81	47.50	36.48
532	44.31	49.39	49.20	42.33	49.02	53.02	47.71	36.49
533	44.46	49.55	49.37	42.48	49.24	53.21	47.92	36.52
534	44.60	49.71	49.54	42.63	49.46	53.41	48.12	36.54
535	44.75	49.87	49.70	42.78	49.66	53.60	48.31	36.56
536	44.89	50.02	49.86	42.93	49.87	53.77	48.50	36.59
537	45.03	50.16	50.01	43.08	50.07	53.95	48.68	36.62
538	45.17	50.31	50.15	43.22	50.26	54.12	48.85	36.65
539	45.32	50.45	50.29	43.37	50.46	54.28	49.03	36.68
540	45.46	50.58	50.42	43.51	50.65	54.45	49.19	36.72
541	45.59	50.72	50.55	43.65	50.83	54.59	49.35	36.75
542	45.74	50.84	50.69	43.79	51.01	54.75	49.50	36.79
543	45.87	50.97	50.81	43.92	51.19	54.90	49.65	36.83
544	46.00	51.09	50.92	44.05	51.36	55.04	49.80	36.87
545	46.13	51.20	51.04	44.19	51.53	55.19	49.94	36.91
546	46.26	51.32	51.15	44.32	51.70	55.33	50.07	36.96
547	46.39	51.43	51.26	44.44	51.86	55.46	50.20	37.00
548	46.52	51.55	51.36	44.57	52.02	55.59	50.33	37.05
549	46.65	51.65	51.46	44.69	52.17	55.72	50.45	37.09
550	46.77	51.76	51.57	44.82	52.32	55.84	50.57	37.13
551	46.89	51.86	51.66	44.94	52.48	55.97	50.68	37.18
552	47.01	51.96	51.75	45.06	52.63	56.08	50.80	37.23
553	47.14	52.06	51.84	45.17	52.76	56.20	50.91	37.28
554	47.26	52.14	51.88	45.27	52.89	56.26	50.98	37.31
555	47.36	52.07	51.73	45.35	53.00	56.04	51.04	37.35
556	47.45	51.85	51.40	45.43	53.06	55.64	51.08	37.38
557	47.52	51.54	50.98	45.48	53.07	55.18	51.06	37.42
558	47.57	51.18	50.53	45.52	53.02	54.70	50.99	37.45
559	47.60	50.80	50.07	45.52	52.92	54.23	50.88	37.49
560	47.61	50.42	49.61	45.51	52.80	53.78	50.73	37.53
561	47.58	50.04	49.17	45.48	52.65	53.36	50.56	37.57
562	47.54	49.68	48.74	45.42	52.48	52.95	50.36	37.61
563	47.48	49.33	48.33	45.33	52.29	52.58	50.14	37.64
564	47.41	48.99	47.94	45.24	52.09	52.22	49.90	37.68
565	47.32	48.67	47.57	45.15	51.89	51.88	49.66	37.72
566	47.23	48.37	47.23	45.05	51.69	51.57	49.42	37.75
567	47.13	48.09	46.90	44.93	51.47	51.26	49.16	37.79
568	47.03	47.83	46.59	44.81	51.26	50.97	48.92	37.82
569	46.92	47.57	46.30	44.67	51.04	50.69	48.67	37.84
570	46.80	47.33	46.03	44.55	50.83	50.43	48.43	37.88
571	46.69	47.10	45.77	44.42	50.61	50.17	48.19	37.91
572	46.57	46.88	45.53	44.29	50.40	49.93	47.95	37.94
573	46.45	46.67	45.30	44.17	50.18	49.69	47.72	37.97
574	46.33	46.48	45.08	44.03	49.98	49.46	47.50	37.99
575	46.20	46.29	44.87	43.90	49.76	49.25	47.28	38.01
576	46.08	46.11	44.68	43.76	49.56	49.04	47.07	38.03
577	45.96	45.94	44.49	43.62	49.35	48.83	46.86	38.04
578	45.84	45.77	44.31	43.49	49.15	48.63	46.65	38.06
579	45.71	45.61	44.14	43.37	48.95	48.44	46.45	38.07
580	45.59	45.46	43.98	43.24	48.75	48.25	46.26	38.10
581	45.46	45.32	43.83	43.12	48.56	48.07	46.07	38.10
582	45.35	45.18	43.68	43.00	48.37	47.90	45.90	38.11
583	45.23	45.05	43.55	42.87	48.19	47.72	45.73	38.11
584	45.11	44.91	43.43	42.75	48.00	47.56	45.57	38.11
585	45.00	44.78	43.31	42.63	47.82	47.39	45.41	38.11
586	44.89	44.67	43.18	42.51	47.65	47.24	45.26	38.10
587	44.77	44.56	43.07	42.39	47.48	47.08	45.11	38.09
588	44.66	44.45	42.96	42.28	47.31	46.93	44.97	38.09
589	44.56	44.34	42.85	42.17	47.14	46.79	44.83	38.08
590	44.45	44.23	42.75	42.06	46.99	46.65	44.69	38.07
591	44.35	44.14	42.65	41.95	46.83	46.51	44.57	38.06
592	44.24	44.04	42.55	41.84	46.67	46.38	44.43	38.04
593	44.13	43.94	42.46	41.74	46.52	46.25	44.31	38.03
594	44.03	43.85	42.37	41.64	46.38	46.12	44.19	38.02
595	43.92	43.76	42.28	41.53	46.23	45.99	44.08	38.00
596	43.82	43.67	42.20	41.43	46.08	45.88	43.97	37.98
597	43.72	43.58	42.11	41.33	45.94	45.76	43.86	37.96
598	43.62	43.49	42.04	41.22	45.82	45.65	43.76	37.93
599	43.52	43.41	41.96	41.13	45.68	45.54	43.65	37.91
600	43.43	43.33	41.88	41.04	45.55	45.43	43.55	37.88
601	43.33	43.25	41.82	40.95	45.43	45.32	43.46	37.87
602	43.24	43.18	41.74	40.87	45.30	45.23	43.37	37.85
603	43.15	43.10	41.68	40.79	45.18	45.12	43.28	37.83
604	43.06	43.04	41.63	40.70	45.06	45.07	43.18	37.81
605	42.96	43.09	41.73	40.59	44.92	45.27	43.08	37.77
606	42.86	43.30	42.02	40.50	44.81	45.68	43.03	37.74
607	42.79	43.60	42.40	40.44	44.80	46.18	43.04	37.72
608	42.74	43.97	42.84	40.40	44.84	46.70	43.10	37.69
609	42.71	44.35	43.31	40.40	44.95	47.20	43.23	37.67
610	42.72	44.74	43.76	40.42	45.10	47.68	43.40	37.65
611	42.75	45.13	44.22	40.46	45.27	48.14	43.60	37.63
612	42.80	45.51	44.66	40.53	45.46	48.57	43.84	37.62
613	42.87	45.87	45.09	40.62	45.68	48.97	44.09	37.60
614	42.96	46.22	45.50	40.72	45.90	49.35	44.36	37.59
615	43.05	46.55	45.88	40.84	46.13	49.72	44.63	37.57
616	43.17	46.87	46.25	40.97	46.37	50.06	44.92	37.56
617	43.28	47.17	46.60	41.10	46.61	50.38	45.20	37.55
618	43.40	47.46	46.93	41.24	46.85	50.70	45.49	37.54
619	43.53	47.73	47.25	41.38	47.09	51.00	45.77	37.53
620	43.67	48.00	47.55	41.54	47.34	51.28	46.05	37.53
621	43.81	48.25	47.84	41.68	47.58	51.56	46.32	37.52
622	43.94	48.49	48.10	41.84	47.82	51.82	46.58	37.51
623	44.09	48.72	48.36	41.99	48.06	52.07	46.84	37.51
624	44.23	48.94	48.60	42.15	48.30	52.32	47.10	37.52
625	44.37	49.16	48.84	42.30	48.53	52.55	47.35	37.52
626	44.51	49.35	49.06	42.46	48.76	52.78	47.59	37.53
627	44.66	49.54	49.27	42.61	49.00	53.00	47.82	37.53
628	44.80	49.73	49.47	42.76	49.22	53.22	48.05	37.55
629	44.95	49.91	49.66	42.92	49.44	53.42	48.27	37.56
630	45.09	50.09	49.85	43.07	49.66	53.63	48.49	37.57
631	45.24	50.25	50.02	43.22	49.88	53.82	48.70	37.59
632	45.37	50.41	50.19	43.37	50.08	54.01	48.90	37.61
633	45.52	50.56	50.35	43.51	50.29	54.20	49.09	37.63
634	45.66	50.72	50.51	43.66	50.49	54.37	49.27	37.66
635	45.80	50.87	50.67	43.80	50.69	54.55	49.45	37.68
636	45.94	51.00	50.80	43.94	50.88	54.71	49.62	37.71
637	46.07	51.14	50.94	44.09	51.07	54.88	49.80	37.74
638	46.21	51.27	51.08	44.23	51.26	55.04	49.96	37.77
639	46.35	51.41	51.21	44.36	51.44	55.20	50.11	37.80
640	46.48	51.53	51.34	44.50	51.62	55.35	50.27	37.83
641	46.62	51.65	51.46	44.63	51.79	55.49	50.42	37.87
642	46.75	51.77	51.58	44.76	51.96	55.64	50.56	37.91
643	46.87	51.89	51.69	44.89	52.13	55.78	50.70	37.94
644	47.01	52.00	51.79	45.02	52.30	55.91	50.83	37.98
645	47.13	52.11	51.90	45.14	52.46	56.05	50.96	38.02
646	47.26	52.23	52.00	45.27	52.62	56.18	51.08	38.06
647	47.38	52.33	52.11	45.39	52.76	56.30	51.20	38.10
648	47.50	52.43	52.21	45.51	52.92	56.42	51.32	38.14
649	47.63	52.54	52.30	45.63	53.07	56.55	51.44	38.19
650	47.75	52.64	52.40	45.74	53.21	56.66	51.55	38.23
651	47.87	52.74	52.49	45.86	53.35	56.77	51.65	38.28
652	47.98	52.83	52.58	45.97	53.49	56.89	51.76	38.32
653	48.10	52.92	52.66	46.08	53.62	57.00	51.86	38.37
654	48.21	53.02	52.75	46.19	53.75	57.11	51.96	38.41
655	48.32	53.06	52.70	46.26	53.86	57.08	51.99	38.43
656	48.40	52.93	52.49	46.34	53.95	56.79	52.04	38.47
657	48.49	52.68	52.14	46.41	53.98	56.36	52.06	38.49
658	48.55	52.35	51.72	46.46	53.97	55.87	52.03	38.52
659	48.59	51.97	51.27	46.49	53.89	55.40	51.95	38.56
660	48.60	51.59	50.80	46.50	53.78	54.93	51.82	38.60
661	48.59	51.21	50.34	46.47	53.65	54.49	51.66	38.64
662	48.56	50.83	49.90	46.42	53.48	54.08	51.46	38.67
663	48.51	50.47	49.47	46.33	53.30	53.68	51.24	38.70
664	48.45	50.13	49.07	46.25	53.11	53.31	51.01	38.72
665	48.37	49.81	48.69	46.15	52.90	52.95	50.77	38.75
666	48.28	49.49	48.33	46.04	52.70	52.62	50.53	38.78
667	48.19	49.20	47.98	45.93	52.48	52.30	50.27	38.81
668	48.08	48.93	47.66	45.81	52.26	52.00	50.02	38.84
669	47.97	48.66	47.36	45.69	52.04	51.72	49.77	38.86
670	47.86	48.41	47.07	45.56	51.82	51.44	49.51	38.89
671	47.73	48.17	46.80	45.44	51.61	51.17	49.26	38.92
672	47.61	47.95	46.55	45.30	51.39	50.92	49.02	38.94
673	47.50	47.73	46.31	45.18	51.17	50.67	48.78	38.97
674	47.37	47.53	46.09	45.05	50.95	50.44	48.55	38.99
675	47.25	47.34	45.88	44.93	50.74	50.21	48.33	39.02
676	47.13	47.15	45.68	44.80	50.53	49.99	48.11	39.04
677	47.01	46.98	45.49	44.67	50.32	49.78	47.89	39.07
678	46.89	46.81	45.31	44.54	50.11	49.58	47.68	39.08
679	46.77	46.65	45.14	44.41	49.91	49.38	47.48	39.09
680	46.64	46.50	44.97	44.28	49.71	49.18	47.28	39.09
681	46.52	46.35	44.82	44.15	49.51	49.00	47.09	39.10
682	46.40	46.20	44.67	44.03	49.32	48.82	46.91	39.10
683	46.28	46.06	44.54	43.90	49.14	48.64	46.73	39.10
684	46.17	45.93	44.40	43.78	48.95	48.47	46.57	39.09
685	46.05	45.81	44.27	43.65	48.76	48.31	46.39	39.09
686	45.93	45.68	44.14	43.53	48.58	48.14	46.24	39.09
687	45.81	45.56	44.02	43.42	48.41	47.99	46.08	39.08
688	45.70	45.44	43.90	43.31	48.23	47.84	45.93	39.07
689	45.58	45.33	43.79	43.19	48.07	47.68	45.78	39.07
690	45.47	45.22	43.69	43.08	47.90	47.54	45.65	39.05
691	45.36	45.12	43.59	42.99	47.73	47.40	45.51	39.04
692	45.25	45.02	43.50	42.88	47.58	47.26	45.38	39.03
693	45.14	44.92	43.41	42.78	47.43	47.13	45.26	39.02
694	45.04	44.82	43.33	42.68	47.27	46.99	45.14	39.01
695	44.94	44.73	43.24	42.58	47.13	46.87	45.02	39.00
696	44.84	44.64	43.16	42.49	46.98	46.75	44.91	38.98
697	44.73	44.54	43.08	42.38	46.83	46.62	44.80	38.97
698	44.64	44.46	43.00	42.29	46.70	46.51	44.69	38.96
699	44.54	44.37	42.92	42.20	46.55	46.39	44.59	38.94
700	44.43	44.28	42.85	42.11	46.42	46.28	44.49	38.92
701	44.34	44.20	42.78	42.01	46.28	46.16	44.38	38.89
702	44.24	44.12	42.71	41.92	46.16	46.06	44.29	38.87
703	44.14	44.04	42.64	41.82	46.03	45.95	44.20	38.85
704	44.05	43.96	42.57	41.74	45.91	45.84	44.10	38.83
705	43.95	43.91	42.52	41.65	45.79	45.82	44.00	38.80
706	43.85	43.98	42.65	41.53	45.64	46.05	43.89	38.76
707	43.75	44.20	42.94	41.44	45.55	46.47	43.84	38.73
708	43.67	44.50	43.34	41.37	45.54	46.98	43.86	38.69
709	43.62	44.86	43.77	41.33	45.60	47.49	43.93	38.66
710	43.59	45.24	44.23	41.32	45.71	47.98	44.07	38.63
711	43.60	45.63	44.68	41.35	45.85	48.45	44.24	38.60
712	43.62	46.01	45.13	41.39	46.03	48.90	44.44	38.58
713	43.68	46.38	45.56	41.46	46.22	49.32	44.68	38.56
714	43.75	46.74	45.99	41.54	46.43	49.72	44.93	38.53
715	43.83	47.08	46.39	41.65	46.65	50.09	45.19	38.51
716	43.93	47.41	46.77	41.76	46.88	50.45	45.47	38.50
717	44.04	47.72	47.13	41.89	47.11	50.79	45.75	38.48
718	44.15	48.02	47.48	42.01	47.35	51.11	46.03	38.46
719	44.27	48.30	47.80	42.15	47.58	51.41	46.31	38.44
720	44.39	48.57	48.12	42.30	47.82	51.71	46.59	38.44
721	44.53	48.83	48.41	42.44	48.07	51.99	46.86	38.42
722	44.66	49.08	48.69	42.59	48.31	52.25	47.14	38.42
723	44.80	49.31	48.96	42.74	48.54	52.51	47.40	38.41
724	44.94	49.54	49.22	42.89	48.78	52.77	47.66	38.41
725	45.07	49.76	49.45	43.04	49.02	53.01	47.92	38.40
726	45.21	49.96	49.69	43.20	49.24	53.24	48.16	38.40
727	45.36	50.16	49.90	43.35	49.48	53.47	48.40	38.41
728	45.50	50.35	50.11	43.50	49.70	53.69	48.63	38.42
729	45.64	50.53	50.32	43.65	49.92	53.90	48.85	38.42
730	45.78	50.71	50.51	43.80	50.14	54.10	49.07	38.43
731	45.92	50.88	50.69	43.95	50.35	54.31	49.28	38.44
732	46.06	51.04	50.86	44.09	50.56	54.50	49.49	38.46
733	46.20	51.20	51.04	44.24	50.77	54.69	49.68	38.48
734	46.34	51.36	51.19	44.38	50.98	54.87	49.87	38.50
735	46.48	51.50	51.35	44.53	51.18	55.05	50.06	38.51
736	46.61	51.65	51.50	44.68	51.37	55.23	50.24	38.53
737	46.75	51.79	51.65	44.81	51.57	55.39	50.42	38.57
738	46.88	51.92	51.78	44.96	51.75	55.56	50.58	38.59
739	47.02	52.06	51.92	45.09	51.94	55.72	50.74	38.62
740	47.15	52.19	52.05	45.22	52.12	55.87	50.90	38.65
741	47.28	52.31	52.17	45.36	52.30	56.02	51.04	38.67
742	47.41	52.43	52.29	45.49	52.47	56.17	51.19	38.71
743	47.53	52.53	52.38	45.60	52.61	56.29	51.31	38.73
744	47.66	52.65	52.51	45.73	52.77	56.42	51.45	38.76
745	47.78	52.77	52.63	45.87	52.94	56.56	51.59	38.80
746	47.91	52.88	52.74	46.00	53.11	56.70	51.72	38.84
747	48.03	52.99	52.84	46.12	53.27	56.83	51.85	38.88
748	48.16	53.10	52.94	46.24	53.42	56.96	51.96	38.92
749	48.28	53.20	53.04	46.36	53.57	57.08	52.09	38.96
750	48.39	53.30	53.13	46.47	53.71	57.21	52.20	39.01
751	48.51	53.40	53.23	46.59	53.86	57.32	52.30	39.05
752	48.63	53.50	53.32	46.71	54.00	57.43	52.42	39.09
753	48.74	53.59	53.41	46.82	54.14	57.55	52.52	39.14
754	48.86	53.68	53.49	46.93	54.27	57.65	52.62	39.18
755	48.96	53.74	53.50	47.01	54.40	57.70	52.67	39.21
756	49.05	53.66	53.32	47.09	54.48	57.46	52.73	39.24
757	49.13	53.43	52.99	47.16	54.53	57.05	52.75	39.27
758	49.19	53.11	52.57	47.22	54.53	56.57	52.72	39.29
759	49.24	52.73	52.12	47.26	54.46	56.08	52.65	39.32
760	49.25	52.35	51.65	47.26	54.36	55.61	52.53	39.35
761	49.25	51.96	51.19	47.25	54.22	55.16	52.37	39.38
762	49.23	51.59	50.75	47.20	54.06	54.73	52.18	39.42
763	49.18	51.22	50.32	47.14	53.88	54.33	51.96	39.44
764	49.12	50.87	49.91	47.06	53.69	53.94	51.74	39.46
765	49.04	50.54	49.54	46.96	53.49	53.59	51.51	39.49
766	48.96	50.22	49.18	46.86	53.28	53.25	51.27	39.52
767	48.85	49.93	48.84	46.75	53.07	52.93	51.02	39.55
768	48.75	49.63	48.50	46.61	52.85	52.62	50.76	39.57
769	48.63	49.36	48.19	46.49	52.63	52.32	50.50	39.59
770	48.52	49.10	47.90	46.36	52.41	52.04	50.25	39.62
771	48.41	48.86	47.62	46.23	52.19	51.77	50.00	39.63
772	48.29	48.63	47.37	46.10	51.96	51.51	49.75	39.65
773	48.17	48.41	47.12	45.97	51.74	51.26	49.52	39.67
774	48.05	48.20	46.89	45.84	51.53	51.02	49.28	39.68
775	47.91	48.00	46.67	45.70	51.31	50.79	49.05	39.70
776	47.78	47.81	46.47	45.57	51.09	50.56	48.83	39.72
777	47.66	47.62	46.27	45.44	50.89	50.35	48.61	39.73
778	47.53	47.45	46.08	45.31	50.68	50.14	48.40	39.75
779	47.40	47.29	45.91	45.18	50.47	49.95	48.20	39.76
780	47.28	47.13	45.74	45.03	50.27	49.74	48.00	39.77
781	47.15	46.97	45.58	44.90	50.08	49.56	47.81	39.77
782	47.03	46.83	45.43	44.77	49.88	49.38	47.63	39.76
783	46.91	46.69	45.28	44.65	49.69	49.20	47.46	39.76
784	46.79	46.55	45.14	44.53	49.50	49.03	47.29	39.75
785	46.67	46.42	45.01	44.40	49.32	48.86	47.11	39.75
786	46.56	46.30	44.88	44.28	49.13	48.69	46.94	39.74
787	46.45	46.18	44.75	44.16	48.94	48.52	46.77	39.74
788	46.34	46.06	44.64	44.03	48.77	48.36	46.62	39.72
789	46.22	45.94	44.52	43.91	48.59	48.21	46.47	39.70
790	46.10	45.82	44.40	43.80	48.42	48.06	46.32	39.69
791	45.98	45.71	44.29	43.68	48.26	47.92	46.17	39.68
792	45.87	45.60	44.18	43.56	48.09	47.77	46.04	39.66
793	45.76	45.50	44.08	43.46	47.94	47.64	45.91	39.64
794	45.65	45.40	43.99	43.36	47.78	47.51	45.79	39.63
795	45.54	45.30	43.89	43.25	47.63	47.38	45.66	39.61
796	45.43	45.20	43.80	43.15	47.49	47.26	45.54	39.59
797	45.32	45.11	43.71	43.04	47.34	47.14	45.43	39.57
798	45.22	45.02	43.63	42.94	47.20	47.02	45.31	39.54
799	45.11	44.93	43.55	42.83	47.06	46.90	45.20	39.52
800	45.00	44.84	43.48	42.73	46.92	46.78	45.11	39.49
801	44.90	44.76	43.41	42.64	46.79	46.67	45.01	39.47
802	44.80	44.68	43.33	42.54	46.66	46.57	44.91	39.44
803	44.70	44.60	43.26	42.45	46.54	46.46	44.81	39.41
804	44.60	44.51	43.19	42.36	46.41	46.35	44.71	39.39
805	44.50	44.43	43.11	42.27	46.28	46.25	44.62	39.35
806	44.41	44.36	43.06	42.18	46.16	46.16	44.53	39.33
807	44.31	44.37	43.11	42.07	46.02	46.28	44.42	39.29
808	44.20	44.54	43.33	41.98	45.90	46.66	44.35	39.26
809	44.11	44.82	43.68	41.90	45.86	47.15	44.33	39.22
810	44.04	45.17	44.09	41.85	45.90	47.67	44.37	39.20
811	44.01	45.55	44.53	41.83	46.00	48.18	44.47	39.17
812	44.00	45.94	44.99	41.84	46.13	48.67	44.63	39.15
813	44.02	46.33	45.43	41.88	46.31	49.14	44.82	39.12
814	44.06	46.70	45.87	41.93	46.50	49.57	45.04	39.10
815	44.13	47.06	46.28	42.01	46.71	49.98	45.28	39.08
816	44.21	47.42	46.68	42.10	46.93	50.37	45.53	39.06
817	44.30	47.75	47.06	42.21	47.16	50.74	45.80	39.04
818	44.40	48.07	47.42	42.33	47.40	51.09	46.07	39.03
819	44.52	48.37	47.76	42.45	47.64	51.42	46.35	39.01
820	44.63	48.66	48.08	42.58	47.89	51.74	46.62	38.99
821	44.76	48.94	48.39	42.72	48.13	52.04	46.89	38.98
822	44.89	49.20	48.69	42.86	48.37	52.33	47.16	38.97
823	45.02	49.45	48.96	43.00	48.62	52.61	47.44	38.96
824	45.16	49.70	49.23	43.15	48.87	52.88	47.70	38.95
825	45.30	49.93	49.47	43.29	49.11	53.14	47.95	38.95
826	45.44	50.14	49.70	43.44	49.35	53.39	48.20	38.94
827	45.58	50.35	49.92	43.59	49.59	53.62	48.44	38.94
828	45.72	50.56	50.13	43.73	49.82	53.86	48.67	38.93
829	45.86	50.75	50.33	43.88	50.05	54.08	48.90	38.94
830	46.01	50.93	50.53	44.03	50.28	54.30	49.12	38.95
831	46.15	51.11	50.71	44.17	50.51	54.51	49.33	38.95
832	46.29	51.28	50.89	44.31	50.73	54.71	49.54	38.96
833	46.44	51.45	51.05	44.46	50.94	54.91	49.74	38.98
834	46.57	51.61	51.21	44.60	51.15	55.10	49.93	38.99
835	46.72	51.76	51.37	44.74	51.36	55.29	50.12	39.01
836	46.85	51.91	51.52	44.88	51.57	55.47	50.30	39.02
837	46.99	52.05	51.66	45.02	51.77	55.64	50.47	39.05
838	47.13	52.19	51.79	45.15	51.96	55.82	50.64	39.07
839	47.26	52.32	51.92	45.28	52.16	55.98	50.80	39.09
840	47.39	52.46	52.04	45.41	52.34	56.14	50.95	39.11
841	47.53	52.59	52.16	45.55	52.53	56.31	51.10	39.14
842	47.66	52.71	52.28	45.67	52.71	56.45	51.25	39.17
843	47.80	52.83	52.40	45.80	52.90	56.60	51.39	39.19
844	47.92	52.95	52.50	45.92	53.06	56.75	51.53	39.22
845	48.05	53.06	52.61	46.04	53.23	56.88	51.66	39.26
846	48.18	53.18	52.71	46.17	53.40	57.03	51.78	39.29
847	48.30	53.28	52.81	46.28	53.56	57.16	51.91	39.33
848	48.42	53.39	52.91	46.40	53.72	57.29	52.02	39.36
849	48.54	53.49	53.00	46.52	53.87	57.42	52.14	39.40
850	48.66	53.59	53.09	46.62	54.02	57.54	52.25	39.44
851	48.78	53.69	53.18	46.74	54.18	57.66	52.36	39.48
852	48.90	53.79	53.26	46.85	54.32	57.78	52.46	39.52
853	49.01	53.89	53.34	46.96	54.46	57.89	52.57	39.56
854	49.13	53.98	53.42	47.06	54.60	58.00	52.66	39.59
855	49.24	54.07	53.50	47.16	54.73	58.11	52.75	39.63
856	49.34	54.14	53.54	47.25	54.85	58.17	52.83	39.66
857	49.43	54.08	53.40	47.32	54.96	57.98	52.90	39.68
858	49.51	53.86	53.09	47.39	55.02	57.59	52.93	39.71
859	49.57	53.55	52.68	47.43	55.02	57.13	52.92	39.74
860	49.60	53.18	52.22	47.44	54.96	56.64	52.84	39.76
861	49.62	52.79	51.75	47.43	54.86	56.17	52.73	39.78
862	49.61	52.40	51.29	47.40	54.73	55.72	52.58	39.81
863	49.58	52.02	50.84	47.35	54.57	55.28	52.40	39.84
864	49.53	51.65	50.40	47.27	54.40	54.88	52.19	39.86
865	49.46	51.29	49.98	47.19	54.21	54.50	51.97	39.89
866	49.38	50.96	49.59	47.09	54.01	54.14	51.73	39.92
867	49.28	50.63	49.23	46.98	53.80	53.79	51.49	39.94
868	49.18	50.32	48.87	46.86	53.59	53.47	51.23	39.97
869	49.07	50.03	48.53	46.74	53.37	53.16	50.98	40.00
870	48.96	49.75	48.23	46.61	53.15	52.86	50.73	40.02
871	48.83	49.48	47.93	46.48	52.93	52.58	50.48	40.05
872	48.71	49.24	47.65	46.34	52.71	52.30	50.22	40.07
873	48.58	49.00	47.38	46.20	52.49	52.04	49.98	40.08
874	48.45	48.78	47.13	46.06	52.27	51.79	49.74	40.10
875	48.32	48.56	46.89	45.91	52.05	51.55	49.50	40.10
876	48.19	48.35	46.67	45.77	51.83	51.32	49.27	40.11
877	48.06	48.16	46.46	45.63	51.62	51.09	49.05	40.12
878	47.93	47.98	46.27	45.50	51.42	50.88	48.83	40.13
879	47.81	47.80	46.08	45.37	51.20	50.67	48.62	40.13
880	47.68	47.64	45.90	45.24	51.00	50.46	48.42	40.14
881	47.56	47.47	45.73	45.10	50.80	50.27	48.21	40.15
882	47.44	47.32	45.58	44.97	50.60	50.07	48.02	40.14
883	47.31	47.17	45.42	44.85	50.40	49.89	47.83	40.14
884	47.19	47.02	45.28	44.72	50.19	49.70	47.65	40.14
885	47.07	46.89	45.14	44.59	50.00	49.51	47.46	40.14
886	46.96	46.76	45.01	44.47	49.82	49.34	47.30	40.13
887	46.85	46.63	44.89	44.36	49.63	49.17	47.14	40.12
888	46.73	46.52	44.77	44.24	49.44	49.00	46.97	40.11
889	46.61	46.40	44.65	44.12	49.27	48.85	46.82	40.10
890	46.50	46.27	44.53	44.01	49.10	48.70	46.67	40.09
891	46.38	46.16	44.42	43.90	48.93	48.55	46.52	40.08
892	46.26	46.04	44.31	43.79	48.76	48.41	46.38	40.07
893	46.15	45.94	44.21	43.67	48.60	48.27	46.25	40.06
894	46.03	45.83	44.11	43.56	48.45	48.13	46.11	40.03
895	45.92	45.73	44.01	43.45	48.29	48.00	45.98	40.01
896	45.81	45.62	43.92	43.34	48.14	47.87	45.86	39.99
897	45.69	45.53	43.84	43.24	48.00	47.74	45.74	39.96
898	45.59	45.44	43.76	43.13	47.85	47.62	45.63	39.94
899	45.49	45.35	43.67	43.03	47.71	47.49	45.52	39.90
900	45.39	45.26	43.59	42.93	47.57	47.38	45.40	39.89
901	45.29	45.17	43.51	42.83	47.44	47.27	45.29	39.85
902	45.18	45.09	43.43	42.73	47.31	47.17	45.19	39.83
903	45.09	45.00	43.36	42.63	47.18	47.05	45.09	39.81
904	44.99	44.92	43.29	42.54	47.06	46.94	44.99	39.77
905	44.90	44.84	43.21	42.45	46.93	46.84	44.89	39.73
906	44.81	44.77	43.14	42.36	46.81	46.75	44.80	39.70
907	44.70	44.76	43.17	42.23	46.66	46.86	44.68	39.66
908	44.58	44.91	43.40	42.13	46.55	47.22	44.61	39.62
909	44.49	45.18	43.75	42.04	46.50	47.70	44.59	39.58
910	44.42	45.52	44.17	41.98	46.53	48.22	44.63	39.55
911	44.39	45.90	44.62	41.97	46.62	48.72	44.73	39.52
912	44.38	46.28	45.07	41.97	46.75	49.21	44.89	39.49
913	44.39	46.66	45.53	42.00	46.92	49.67	45.07	39.46
914	44.44	47.04	45.96	42.05	47.10	50.10	45.29	39.43
915	44.50	47.40	46.39	42.13	47.31	50.51	45.53	39.41
916	44.58	47.75	46.80	42.21	47.53	50.90	45.79	39.38
917	44.67	48.09	47.19	42.32	47.75	51.26	46.06	39.36
918	44.77	48.41	47.56	42.43	47.98	51.61	46.34	39.34
919	44.88	48.71	47.91	42.56	48.22	51.94	46.62	39.32
920	45.00	49.00	48.25	42.69	48.46	52.25	46.89	39.30
921	45.12	49.28	48.56	42.83	48.70	52.55	47.17	39.28
922	45.25	49.54	48.86	42.96	48.94	52.83	47.45	39.26
923	45.39	49.79	49.15	43.11	49.18	53.11	47.72	39.25
924	45.52	50.03	49.42	43.26	49.42	53.37	47.99	39.24
925	45.66	50.26	49.67	43.40	49.66	53.63	48.25	39.24
926	45.80	50.48	49.92	43.55	49.90	53.87	48.50	39.23
927	45.94	50.69	50.15	43.70	50.13	54.11	48.76	39.23
928	46.08	50.89	50.37	43.85	50.36	54.34	49.00	39.22
929	46.22	51.09	50.58	44.00	50.59	54.56	49.23	39.23
930	46.36	51.27	50.79	44.15	50.81	54.77	49.46	39.23
931	46.51	51.45	50.98	44.30	51.03	54.98	49.68	39.23
932	46.64	51.62	51.16	44.44	51.25	55.18	49.90	39.24
933	46.79	51.78	51.34	44.59	51.46	55.38	50.10	39.25
934	46.93	51.95	51.51	44.73	51.67	55.56	50.30	39.27
935	47.06	52.10	51.67	44.88	51.87	55.75	50.49	39.28
936	47.20	52.25	51.83	45.02	52.08	55.92	50.67	39.30
937	47.34	52.39	51.97	45.16	52.28	56.10	50.86	39.31
938	47.48	52.54	52.12	45.30	52.47	56.27	51.03	39.33
939	47.61	52.68	52.26	45.44	52.66	56.43	51.20	39.36
940	47.74	52.80	52.39	45.57	52.84	56.59	51.36	39.38
941	47.88	52.93	52.53	45.70	53.02	56.74	51.51	39.41
942	48.00	53.06	52.65	45.83	53.21	56.90	51.67	39.44
943	48.14	53.18	52.77	45.97	53.38	57.05	51.81	39.46
944	48.26	53.30	52.89	46.09	53.55	57.19	51.96	39.49
945	48.39	53.42	53.00	46.23	53.72	57.33	52.09	39.52
946	48.51	53.52	53.11	46.35	53.87	57.46	52.23	39.56
947	48.64	53.63	53.21	46.47	54.04	57.59	52.36	39.59
948	48.76	53.74	53.32	46.60	54.19	57.72	52.48	39.63
949	48.88	53.84	53.41	46.71	54.34	57.85	52.60	39.66
950	49.00	53.95	53.51	46.82	54.50	57.97	52.72	39.70
951	49.12	54.05	53.61	46.94	54.64	58.08	52.83	39.74
952	49.24	54.14	53.70	47.05	54.78	58.20	52.94	39.78
953	49.35	54.24	53.78	47.17	54.92	58.31	53.05	39.81
954	49.47	54.34	53.87	47.28	55.06	58.42	53.14	39.86
955	49.59	54.43	53.95	47.38	55.19	58.53	53.24	39.90
956	49.70	54.51	54.03	47.48	55.32	58.62	53.33	39.93
957	49.79	54.51	53.95	47.55	55.42	58.53	53.38	39.95
958	49.87	54.34	53.69	47.62	55.49	58.19	53.42	39.98
959	49.94	54.06	53.30	47.68	55.51	57.74	53.42	40.01
960	49.99	53.71	52.86	47.72	55.47	57.26	53.36	40.03
961	50.02	53.33	52.39	47.74	55.38	56.78	53.25	40.06
962	50.01	52.93	51.93	47.72	55.25	56.32	53.11	40.09
963	50.00	52.56	51.48	47.69	55.10	55.87	52.94	40.13
964	49.96	52.18	51.05	47.64	54.93	55.46	52.74	40.16
965	49.90	51.82	50.63	47.57	54.74	55.06	52.52	40.18
966	49.82	51.49	50.23	47.48	54.55	54.69	52.29	40.21
967	49.74	51.15	49.85	47.38	54.34	54.34	52.04	40.24
968	49.64	50.85	49.50	47.27	54.13	54.00	51.79	40.27
969	49.54	50.55	49.17	47.15	53.90	53.69	51.55	40.29
970	49.43	50.27	48.85	47.03	53.69	53.39	51.30	40.31
971	49.31	50.01	48.55	46.90	53.47	53.11	51.04	40.33
972	49.20	49.76	48.27	46.77	53.25	52.83	50.78	40.36
973	49.08	49.52	48.01	46.64	53.03	52.56	50.54	40.37
974	48.95	49.29	47.75	46.52	52.81	52.31	50.30	40.40
975	48.83	49.07	47.51	46.38	52.58	52.06	50.07	40.41
976	48.70	48.88	47.29	46.25	52.37	51.83	49.83	40.43
977	48.57	48.68	47.08	46.11	52.15	51.60	49.61	40.45
978	48.44	48.49	46.87	45.98	51.94	51.38	49.38	40.46
979	48.31	48.31	46.68	45.84	51.73	51.17	49.17	40.46
980	48.19	48.14	46.50	45.72	51.52	50.96	48.96	40.47
981	48.07	47.97	46.32	45.58	51.32	50.76	48.75	40.47
982	47.94	47.82	46.15	45.45	51.11	50.56	48.54	40.47
983	47.82	47.65	45.99	45.32	50.92	50.38	48.35	40.47
984	47.70	47.52	45.84	45.19	50.72	50.19	48.17	40.46
985	47.57	47.37	45.69	45.06	50.53	50.02	47.99	40.45
986	47.45	47.24	45.55	44.93	50.34	49.84	47.81	40.44
987	47.33	47.11	45.41	44.80	50.15	49.68	47.64	40.44
988	47.20	46.98	45.28	44.67	49.97	49.50	47.47	40.43
989	47.08	46.86	45.15	44.54	49.79	49.35	47.31	40.41
990	46.96	46.74	45.03	44.41	49.61	49.19	47.14	40.41
991	46.84	46.62	44.92	44.28	49.44	49.04	47.00	40.38
992	46.72	46.51	44.80	44.17	49.27	48.89	46.85	40.36
993	46.61	46.39	44.70	44.05	49.11	48.74	46.71	40.34
994	46.49	46.30	44.60	43.94	48.94	48.60	46.58	40.32
995	46.38	46.19	44.49	43.83	48.77	48.46	46.44	40.31
996	46.26	46.08	44.40	43.72	48.62	48.33	46.31	40.28
997	46.15	45.98	44.31	43.60	48.47	48.19	46.19	40.25
998	46.04	45.89	44.21	43.50	48.32	48.06	46.07	40.22
999	45.94	45.79	44.12	43.40	48.17	47.94	45.95	40.21
1000	45.83	45.69	44.05	43.31	48.03	47.81	45.85	40.18
1001	45.73	45.61	43.96	43.21	47.89	47.69	45.73	40.15
1002	45.63	45.51	43.88	43.11	47.76	47.58	45.62	40.13
1003	45.54	45.43	43.80	43.02	47.62	47.47	45.52	40.11
1004	45.43	45.35	43.72	42.91	47.49	47.35	45.41	40.07
1005	45.34	45.27	43.65	42.81	47.37	47.25	45.31	40.04
1006	45.24	45.18	43.57	42.72	47.24	47.14	45.21	40.01
1007	45.15	45.15	43.58	42.64	47.12	47.19	45.13	39.98
1008	45.05	45.27	43.76	42.52	46.99	47.50	45.03	39.95
1009	44.95	45.51	44.08	42.42	46.90	47.94	45.00	39.91
1010	44.87	45.83	44.48	42.36	46.90	48.44	45.02	39.87
1011	44.82	46.20	44.92	42.32	46.97	48.95	45.10	39.84
1012	44.80	46.57	45.37	42.31	47.08	49.43	45.23	39.81
1013	44.81	46.95	45.82	42.34	47.23	49.89	45.41	39.78
1014	44.84	47.33	46.25	42.39	47.41	50.32	45.63	39.75
1015	44.89	47.69	46.69	42.46	47.61	50.73	45.86	39.73
1016	44.96	48.04	47.09	42.54	47.81	51.11	46.11	39.70
1017	45.05	48.37	47.49	42.65	48.03	51.48	46.38	39.68
1018	45.14	48.69	47.86	42.76	48.26	51.82	46.65	39.66
1019	45.25	49.00	48.21	42.88	48.48	52.14	46.92	39.64
1020	45.36	49.29	48.55	43.01	48.72	52.46	47.20	39.63
1021	45.49	49.56	48.86	43.14	48.95	52.76	47.48	39.62
1022	45.61	49.82	49.16	43.28	49.19	53.04	47.75	39.60
1023	45.74	50.08	49.45	43.42	49.43	53.32	48.03	39.58
1024	45.87	50.31	49.72	43.57	49.66	53.58	48.29	39.57
1025	46.01	50.54	49.99	43.72	49.90	53.83	48.55	39.57
1026	46.14	50.77	50.23	43.86	50.13	54.07	48.81	39.56
1027	46.28	50.97	50.46	44.02	50.36	54.31	49.05	39.56
1028	46.42	51.17	50.68	44.16	50.58	54.53	49.29	39.55
1029	46.56	51.37	50.90	44.31	50.81	54.75	49.53	39.56
1030	46.70	51.55	51.10	44.46	51.03	54.97	49.76	39.56
1031	46.83	51.73	51.29	44.61	51.25	55.17	49.98	39.56
1032	46.97	51.89	51.47	44.75	51.46	55.38	50.19	39.57
1033	47.11	52.06	51.66	44.90	51.68	55.57	50.39	39.58
1034	47.25	52.22	51.82	45.04	51.88	55.75	50.59	39.60
1035	47.39	52.38	51.98	45.19	52.08	55.94	50.78	39.61
1036	47.52	52.52	52.14	45.33	52.28	56.12	50.97	39.63
1037	47.66	52.67	52.29	45.47	52.47	56.29	51.15	39.64
1038	47.79	52.81	52.43	45.61	52.67	56.46	51.33	39.66
1039	47.93	52.94	52.57	45.75	52.86	56.62	51.49	39.69
1040	48.06	53.07	52.70	45.88	53.04	56.77	51.66	39.71
1041	48.19	53.20	52.83	46.01	53.22	56.93	51.81	39.74
1042	48.31	53.32	52.95	46.14	53.40	57.08	51.96	39.77
1043	48.44	53.44	53.08	46.27	53.57	57.23	52.11	39.80
1044	48.57	53.56	53.19	46.40	53.74	57.36	52.25	39.83
1045	48.69	53.67	53.30	46.53	53.90	57.50	52.39	39.86
1046	48.82	53.78	53.41	46.65	54.07	57.64	52.52	39.90
1047	48.94	53.89	53.51	46.77	54.22	57.77	52.65	39.93
1048	49.06	53.99	53.61	46.89	54.38	57.90	52.77	39.97
1049	49.18	54.10	53.71	47.01	54.53	58.02	52.89	40.00
1050	49.30	54.20	53.81	47.13	54.67	58.15	53.01	40.04
1051	49.41	54.29	53.90	47.24	54.82	58.26	53.12	40.08
1052	49.53	54.39	54.00	47.35	54.96	58.37	53.23	40.12
1053	49.64	54.48	54.08	47.47	55.10	58.48	53.34	40.16
1054	49.75	54.57	54.17	47.57	55.24	58.59	53.44	40.20
1055	49.87	54.67	54.25	47.68	55.37	58.70	53.54	40.24
1056	49.98	54.75	54.33	47.79	55.50	58.80	53.63	40.28
1057	50.08	54.84	54.37	47.86	55.61	58.90	53.69	40.30
1058	50.17	54.89	54.38	47.93	55.72	58.93	53.75	40.33
1059	50.25	54.81	54.22	47.99	55.81	58.72	53.80	40.34
1060	50.33	54.59	53.89	48.05	55.86	58.33	53.81	40.37
1061	50.39	54.28	53.48	48.09	55.84	57.85	53.78	40.39
1062	50.43	53.90	53.02	48.12	55.78	57.36	53.70	40.41
1063	50.44	53.53	52.55	48.11	55.67	56.89	53.58	40.44
1064	50.43	53.13	52.08	48.08	55.53	56.44	53.42	40.46
1065	50.40	52.74	51.63	48.04	55.37	55.99	53.22	40.48
1066	50.34	52.37	51.19	47.97	55.19	55.59	53.01	40.52
1067	50.27	52.01	50.77	47.89	54.99	55.21	52.77	40.54
1068	50.19	51.68	50.37	47.79	54.78	54.85	52.52	40.58
1069	50.10	51.36	50.00	47.68	54.57	54.50	52.27	40.61
1070	49.99	51.05	49.66	47.56	54.35	54.17	52.01	40.63
1071	49.89	50.76	49.32	47.44	54.12	53.85	51.75	40.66
1072	49.78	50.48	49.00	47.31	53.90	53.55	51.49	40.68
1073	49.66	50.22	48.70	47.18	53.67	53.27	51.23	40.70
1074	49.54	49.97	48.43	47.04	53.44	52.98	50.97	40.71
1075	49.40	49.73	48.17	46.89	53.21	52.72	50.72	40.72
1076	49.28	49.51	47.92	46.75	52.99	52.46	50.48	40.72
1077	49.15	49.29	47.68	46.60	52.77	52.22	50.24	40.73
1078	49.02	49.09	47.46	46.47	52.55	51.98	50.01	40.74
1079	48.89	48.90	47.25	46.32	52.33	51.75	49.78	40.74
1080	48.76	48.71	47.05	46.18	52.11	51.53	49.55	40.75
1081	48.63	48.53	46.85	46.04	51.90	51.33	49.34	40.75
1082	48.50	48.36	46.67	45.91	51.69	51.11	49.13	40.75
1083	48.37	48.20	46.49	45.78	51.49	50.91	48.92	40.76
1084	48.24	48.03	46.33	45.65	51.27	50.71	48.72	40.76
1085	48.11	47.88	46.17	45.52	51.07	50.52	48.53	40.76
1086	47.98	47.73	46.02	45.38	50.87	50.33	48.34	40.76
1087	47.84	47.59	45.88	45.24	50.67	50.15	48.16	40.75
1088	47.71	47.45	45.74	45.13	50.48	49.98	47.98	40.75
1089	47.59	47.32	45.61	45.00	50.30	49.81	47.81	40.74
1090	47.47	47.19	45.48	44.88	50.12	49.64	47.65	40.73
1091	47.34	47.07	45.36	44.76	49.94	49.49	47.49	40.72
1092	47.22	46.95	45.24	44.64	49.76	49.33	47.34	40.70
1093	47.10	46.83	45.13	44.52	49.59	49.17	47.19	40.69
1094	46.98	46.72	45.02	44.41	49.42	49.03	47.05	40.68
1095	46.87	46.61	44.91	44.29	49.26	48.88	46.91	40.65
1096	46.76	46.50	44.81	44.19	49.10	48.74	46.77	40.64
1097	46.65	46.40	44.71	44.08	48.94	48.61	46.64	40.62
1098	46.54	46.30	44.62	43.97	48.79	48.48	46.52	40.60
1099	46.42	46.20	44.54	43.87	48.63	48.34	46.39	40.58
1100	46.32	46.10	44.44	43.76	48.49	48.22	46.28	40.56
1101	46.21	46.01	44.36	43.66	48.34	48.10	46.17	40.55
1102	46.10	45.92	44.28	43.57	48.20	47.98	46.05	40.51
1103	46.00	45.83	44.20	43.47	48.06	47.86	45.95	40.49
1104	45.90	45.75	44.12	43.37	47.92	47.74	45.84	40.46
1105	45.80	45.66	44.05	43.26	47.79	47.63	45.74	40.42
1106	45.70	45.57	43.98	43.16	47.66	47.52	45.64	40.39
1107	45.60	45.49	43.91	43.08	47.53	47.41	45.55	40.35
1108	45.50	45.40	43.83	42.99	47.40	47.30	45.46	40.32
1109	45.40	45.33	43.75	42.88	47.26	47.22	45.34	40.29
1110	45.28	45.34	43.82	42.77	47.10	47.37	45.25	40.25
1111	45.17	45.51	44.08	42.68	46.99	47.76	45.19	40.21
1112	45.08	45.79	44.46	42.60	46.96	48.25	45.18	40.18
1113	45.02	46.14	44.89	42.56	47.01	48.77	45.24	40.14
1114	44.99	46.52	45.35	42.54	47.10	49.28	45.36	40.12
1115	44.98	46.91	45.81	42.56	47.24	49.77	45.51	40.08
1116	45.00	47.30	46.26	42.59	47.42	50.23	45.71	40.06
1117	45.04	47.67	46.71	42.65	47.60	50.67	45.94	40.04
1118	45.11	48.03	47.14	42.73	47.81	51.08	46.18	40.02
1119	45.18	48.38	47.55	42.83	48.04	51.47	46.44	39.99
1120	45.28	48.72	47.94	42.94	48.27	51.84	46.71	39.98
1121	45.38	49.04	48.31	43.06	48.50	52.18	46.98	39.95
1122	45.49	49.35	48.66	43.19	48.74	52.52	47.27	39.93
1123	45.61	49.64	49.00	43.33	48.98	52.83	47.54	39.92
1124	45.74	49.92	49.32	43.47	49.23	53.13	47.82	39.91
1125	45.86	50.18	49.62	43.61	49.47	53.42	48.09	39.89
1126	45.99	50.44	49.91	43.76	49.72	53.70	48.36	39.88
1127	46.13	50.67	50.18	43.91	49.95	53.97	48.63	39.87
1128	46.27	50.90	50.44	44.07	50.20	54.22	48.89	39.87
1129	46.41	51.12	50.68	44.21	50.44	54.47	49.14	39.86
1130	46.55	51.33	50.92	44.36	50.67	54.70	49.38	39.86
1131	46.69	51.54	51.14	44.52	50.90	54.94	49.62	39.86
1132	46.83	51.73	51.36	44.67	51.13	55.16	49.85	39.86
1133	46.97	51.92	51.56	44.82	51.36	55.38	50.08	39.87
1134	47.11	52.09	51.75	44.97	51.58	55.58	50.30	39.87
1135	47.26	52.26	51.93	45.12	51.80	55.79	50.51	39.88
1136	47.40	52.43	52.12	45.27	52.01	55.98	50.71	39.89
1137	47.53	52.60	52.28	45.42	52.22	56.17	50.92	39.91
1138	47.67	52.75	52.45	45.56	52.43	56.36	51.10	39.92
1139	47.81	52.90	52.60	45.71	52.64	56.54	51.29	39.94
1140	47.95	53.05	52.76	45.85	52.83	56.71	51.47	39.96
1141	48.09	53.18	52.90	45.99	53.03	56.88	51.64	39.98
1142	48.22	53.32	53.04	46.13	53.22	57.05	51.81	40.01
1143	48.35	53.45	53.17	46.26	53.41	57.21	51.97	40.03
1144	48.49	53.58	53.31	46.41	53.59	57.37	52.12	40.06
1145	48.61	53.71	53.43	46.53	53.77	57.52	52.27	40.09
1146	48.75	53.83	53.55	46.67	53.94	57.67	52.42	40.12
1147	48.88	53.95	53.66	46.80	54.12	57.81	52.56	40.15
1148	49.01	54.07	53.78	46.92	54.29	57.96	52.70	40.18
1149	49.13	54.18	53.88	47.05	54.46	58.09	52.83	40.21
1150	49.26	54.29	53.99	47.18	54.60	58.22	52.96	40.25
1151	49.38	54.39	54.10	47.30	54.77	58.35	53.08	40.29
1152	49.50	54.50	54.20	47.42	54.92	58.48	53.20	40.32
1153	49.62	54.61	54.29	47.54	55.07	58.60	53.32	40.36
1154	49.74	54.71	54.39	47.65	55.22	58.72	53.43	40.40
1155	49.86	54.80	54.48	47.77	55.37	58.84	53.54	40.43
1156	49.97	54.90	54.57	47.88	55.50	58.96	53.64	40.48
1157	50.09	55.00	54.66	47.99	55.64	59.07	53.74	40.52
1158	50.20	55.08	54.73	48.08	55.77	59.17	53.83	40.55
1159	50.29	55.08	54.65	48.14	55.87	59.07	53.88	40.55
1160	50.37	54.93	54.40	48.23	55.96	58.75	53.92	40.57
1161	50.44	54.64	54.02	48.28	55.99	58.30	53.93	40.60
1162	50.49	54.28	53.58	48.33	55.95	57.81	53.88	40.62
1163	50.52	53.90	53.10	48.34	55.87	57.32	53.78	40.64
1164	50.53	53.51	52.64	48.33	55.74	56.85	53.64	40.66
1165	50.51	53.12	52.17	48.29	55.59	56.40	53.47	40.69
1166	50.47	52.74	51.72	48.24	55.42	55.97	53.25	40.72
1167	50.41	52.38	51.29	48.17	55.22	55.57	53.03	40.74
1168	50.33	52.02	50.89	48.08	55.02	55.19	52.79	40.77
1169	50.25	51.69	50.52	47.99	54.81	54.82	52.56	40.79
1170	50.15	51.38	50.16	47.88	54.59	54.49	52.30	40.82
1171	50.05	51.08	49.83	47.76	54.38	54.17	52.04	40.84
1172	49.95	50.80	49.51	47.63	54.15	53.86	51.79	40.86
1173	49.83	50.53	49.20	47.50	53.92	53.57	51.53	40.88
1174	49.71	50.27	48.92	47.37	53.69	53.29	51.29	40.90
1175	49.58	50.03	48.65	47.24	53.47	53.01	51.04	40.93
1176	49.45	49.80	48.36	47.10	53.23	52.75	50.77	40.93
1177	49.33	49.59	48.11	46.95	53.01	52.50	50.52	40.95
1178	49.20	49.38	47.87	46.82	52.77	52.25	50.28	40.96
1179	49.07	49.18	47.67	46.67	52.54	52.02	50.06	40.97
1180	48.95	48.99	47.47	46.54	52.30	51.78	49.84	40.97
1181	48.83	48.81	47.29	46.40	52.06	51.54	49.62	40.97
1182	48.71	48.64	47.10	46.27	51.84	51.32	49.41	40.97
1183	48.58	48.47	46.93	46.14	51.63	51.11	49.21	40.99
1184	48.45	48.31	46.76	46.00	51.42	50.91	49.01	40.99
1185	48.33	48.16	46.61	45.86	51.23	50.72	48.83	40.99
1186	48.20	48.01	46.44	45.73	51.03	50.53	48.65	40.99
1187	48.07	47.86	46.30	45.60	50.84	50.36	48.47	40.98
1188	47.94	47.72	46.15	45.47	50.65	50.18	48.29	40.98
1189	47.82	47.59	46.00	45.34	50.46	50.01	48.12	40.97
1190	47.69	47.46	45.88	45.21	50.27	49.85	47.96	40.95
1191	47.56	47.32	45.74	45.07	50.10	49.68	47.80	40.93
1192	47.44	47.20	45.62	44.95	49.92	49.53	47.65	40.91
1193	47.32	47.09	45.50	44.83	49.75	49.38	47.51	40.89
1194	47.20	46.97	45.38	44.71	49.58	49.23	47.36	40.88
1195	47.08	46.86	45.27	44.59	49.42	49.09	47.23	40.86
1196	46.97	46.76	45.17	44.48	49.26	48.96	47.09	40.83
1197	46.85	46.65	45.07	44.38	49.11	48.82	46.96	40.81
1198	46.74	46.55	44.98	44.28	48.95	48.68	46.84	40.80
1199	46.63	46.45	44.89	44.17	48.80	48.55	46.72	40.78
1200	46.53	46.36	44.81	44.07	48.65	48.43	46.60	40.75
1201	46.42	46.26	44.71	43.97	48.51	48.30	46.48	40.73
1202	46.31	46.17	44.63	43.86	48.37	48.19	46.38	40.69
1203	46.21	46.08	44.55	43.76	48.22	48.07	46.27	40.66
1204	46.10	45.99	44.47	43.67	48.09	47.95	46.16	40.63
1205	46.00	45.91	44.39	43.56	47.96	47.84	46.05	40.59
1206	45.91	45.82	44.32	43.47	47.82	47.73	45.96	40.56
1207	45.81	45.74	44.25	43.38	47.70	47.62	45.86	40.53
