#	Temperatur 1 (°C)	Temperatur 2 (°C)	Temperatur 3 (°C)	Temperatur 4 (°C)	Temperatur 5 (°C)	Temperatur 6 (°C)	Temperatur 7 (°C)	Temperatur 8 (°C)
1	28.05	28.49	28.39	27.67	29.11	29.66	29.50	27.82
2	28.04	28.52	28.45	27.67	29.11	29.77	29.51	27.81
3	28.03	28.71	28.70	27.66	29.13	30.20	29.54	27.80
4	28.03	29.05	29.12	27.66	29.22	30.82	29.59	27.78
5	28.05	29.47	29.62	27.68	29.37	31.51	29.73	27.78
6	28.08	29.95	30.18	27.73	29.57	32.21	29.91	27.77
7	28.15	30.44	30.74	27.80	29.83	32.87	30.15	27.76
8	28.24	30.94	31.30	27.90	30.13	33.51	30.43	27.75
9	28.35	31.43	31.86	28.02	30.45	34.10	30.75	27.74
10	28.49	31.91	32.39	28.17	30.79	34.67	31.08	27.75
11	28.64	32.37	32.90	28.33	31.13	35.21	31.45	27.75
12	28.80	32.81	33.40	28.49	31.49	35.72	31.81	27.74
13	28.98	33.24	33.87	28.69	31.85	36.21	32.20	27.74
14	29.17	33.64	34.32	28.88	32.22	36.68	32.57	27.75
15	29.37	34.04	34.75	29.08	32.58	37.12	32.95	27.75
16	29.56	34.41	35.16	29.29	32.94	37.55	33.33	27.75
17	29.76	34.77	35.55	29.50	33.31	37.95	33.70	27.76
18	29.98	35.12	35.92	29.71	33.67	38.35	34.07	27.77
19	30.19	35.45	36.28	29.93	34.03	38.73	34.42	27.77
20	30.41	35.77	36.62	30.15	34.39	39.09	34.78	27.79
21	30.62	36.07	36.95	30.37	34.74	39.45	35.13	27.81
22	30.83	36.34	37.20	30.58	35.08	39.71	35.44	27.82
23	31.05	36.44	37.25	30.79	35.41	39.67	35.75	27.84
24	31.25	36.39	37.13	31.01	35.68	39.42	36.03	27.86
25	31.44	36.22	36.90	31.19	35.88	39.10	36.23	27.88
26	31.61	36.00	36.61	31.36	36.02	38.76	36.37	27.91
27	31.75	35.75	36.31	31.50	36.10	38.43	36.45	27.94
28	31.86	35.50	35.99	31.61	36.15	38.13	36.48	27.98
29	31.95	35.25	35.69	31.69	36.17	37.86	36.47	28.01
30	32.02	35.01	35.40	31.75	36.16	37.60	36.44	28.04
31	32.07	34.78	35.12	31.79	36.15	37.36	36.37	28.07
32	32.10	34.57	34.86	31.82	36.11	37.14	36.29	28.12
33	32.13	34.36	34.62	31.83	36.06	36.95	36.19	28.15
34	32.14	34.18	34.39	31.83	36.01	36.76	36.09	28.19
35	32.14	34.00	34.18	31.83	35.95	36.60	35.97	28.23
36	32.14	33.83	33.99	31.82	35.89	36.43	35.85	28.27
37	32.13	33.68	33.80	31.79	35.81	36.28	35.73	28.32
38	32.12	33.54	33.63	31.77	35.74	36.14	35.61	28.36
39	32.09	33.41	33.47	31.74	35.66	36.01	35.49	28.41
40	32.07	33.30	33.33	31.72	35.58	35.89	35.37	28.45
41	32.05	33.18	33.19	31.69	35.50	35.78	35.25	28.51
42	32.02	33.08	33.08	31.66	35.42	35.70	35.11	28.55
43	31.99	33.13	33.15	31.62	35.33	35.92	35.00	28.59
44	31.97	33.34	33.42	31.59	35.29	36.39	34.92	28.62
45	31.96	33.66	33.79	31.58	35.33	36.94	34.91	28.66
46	31.98	34.05	34.24	31.58	35.43	37.51	34.96	28.70
47	32.01	34.46	34.70	31.62	35.59	38.06	35.07	28.73
48	32.07	34.88	35.17	31.68	35.78	38.59	35.23	28.77
49	32.16	35.30	35.63	31.77	36.01	39.09	35.42	28.81
50	32.28	35.72	36.09	31.87	36.25	39.56	35.64	28.84
51	32.40	36.12	36.53	31.99	36.50	40.00	35.89	28.88
52	32.54	36.50	36.94	32.13	36.77	40.42	36.15	28.90
53	32.69	36.86	37.34	32.28	37.04	40.82	36.42	28.93
54	32.85	37.22	37.73	32.44	37.32	41.20	36.69	28.96
55	33.02	37.56	38.09	32.61	37.60	41.56	36.98	28.99
56	33.20	37.88	38.43	32.77	37.88	41.90	37.25	29.01
57	33.38	38.19	38.77	32.95	38.16	42.23	37.54	29.05
58	33.57	38.50	39.09	33.13	38.44	42.55	37.83	29.08
59	33.75	38.79	39.40	33.32	38.72	42.86	38.11	29.11
60	33.94	39.06	39.69	33.50	39.00	43.15	38.38	29.15
61	34.13	39.33	39.97	33.68	39.28	43.43	38.65	29.18
62	34.32	39.58	40.23	33.87	39.55	43.71	38.92	29.21
63	34.51	39.83	40.48	34.05	39.82	43.98	39.17	29.25
64	34.71	40.07	40.72	34.23	40.09	44.24	39.43	29.29
65	34.89	40.30	40.96	34.41	40.35	44.49	39.67	29.33
66	35.08	40.52	41.18	34.60	40.61	44.73	39.90	29.37
67	35.27	40.74	41.40	34.79	40.86	44.97	40.14	29.41
68	35.46	40.94	41.59	34.95	41.11	45.18	40.35	29.45
69	35.64	41.05	41.65	35.11	41.34	45.20	40.56	29.48
70	35.81	40.99	41.51	35.28	41.55	44.96	40.73	29.52
71	35.97	40.80	41.24	35.43	41.69	44.58	40.86	29.56
72	36.11	40.54	40.88	35.56	41.76	44.17	40.92	29.60
73	36.23	40.23	40.50	35.65	41.78	43.76	40.92	29.65
74	36.32	39.93	40.13	35.73	41.76	43.37	40.89	29.69
75	36.38	39.61	39.75	35.78	41.70	43.00	40.81	29.73
76	36.42	39.31	39.39	35.80	41.63	42.66	40.70	29.78
77	36.44	39.02	39.05	35.80	41.53	42.33	40.57	29.83
78	36.45	38.74	38.72	35.79	41.42	42.04	40.42	29.89
79	36.43	38.48	38.41	35.76	41.31	41.76	40.26	29.94
80	36.42	38.24	38.11	35.72	41.18	41.51	40.08	29.99
81	36.39	38.01	37.83	35.68	41.05	41.26	39.90	30.04
82	36.36	37.81	37.57	35.63	40.92	41.04	39.72	30.08
83	36.32	37.61	37.33	35.57	40.78	40.82	39.53	30.12
84	36.28	37.42	37.11	35.50	40.64	40.62	39.35	30.16
85	36.23	37.25	36.91	35.43	40.50	40.43	39.16	30.21
86	36.18	37.09	36.71	35.37	40.35	40.24	38.98	30.25
87	36.12	36.93	36.54	35.30	40.22	40.06	38.81	30.30
88	36.06	36.78	36.36	35.22	40.07	39.90	38.63	30.34
89	36.00	36.71	36.27	35.15	39.93	39.89	38.44	30.38
90	35.93	36.78	36.39	35.06	39.78	40.16	38.29	30.42
91	35.87	37.00	36.67	35.00	39.71	40.59	38.19	30.46
92	35.84	37.31	37.04	34.96	39.71	41.07	38.15	30.51
93	35.83	37.67	37.45	34.95	39.77	41.56	38.18	30.54
94	35.84	38.04	37.88	34.96	39.88	42.04	38.27	30.59
95	35.89	38.42	38.31	35.00	40.02	42.49	38.39	30.63
96	35.95	38.80	38.74	35.06	40.20	42.91	38.56	30.66
97	36.04	39.17	39.15	35.14	40.38	43.31	38.76	30.70
98	36.14	39.52	39.55	35.24	40.58	43.68	38.96	30.73
99	36.25	39.87	39.93	35.35	40.79	44.04	39.19	30.76
100	36.38	40.20	40.28	35.46	41.01	44.38	39.42	30.79
101	36.52	40.51	40.63	35.60	41.23	44.69	39.65	30.81
102	36.66	40.82	40.96	35.74	41.46	45.00	39.90	30.85
103	36.81	41.10	41.28	35.89	41.69	45.29	40.16	30.88
104	36.96	41.37	41.58	36.03	41.92	45.56	40.41	30.91
105	37.12	41.64	41.86	36.18	42.14	45.83	40.65	30.94
106	37.27	41.89	42.14	36.34	42.37	46.09	40.89	30.98
107	37.42	42.13	42.39	36.49	42.59	46.33	41.14	31.01
108	37.58	42.36	42.64	36.65	42.81	46.56	41.36	31.04
109	37.73	42.54	42.78	36.79	43.02	46.67	41.57	31.06
110	37.88	42.55	42.73	36.93	43.22	46.50	41.77	31.08
111	38.03	42.41	42.52	37.07	43.36	46.17	41.91	31.10
112	38.15	42.18	42.23	37.19	43.44	45.78	42.01	31.13
113	38.25	41.91	41.89	37.29	43.46	45.38	42.06	31.17
114	38.33	41.62	41.55	37.36	43.43	44.99	42.04	31.20
115	38.38	41.32	41.19	37.40	43.38	44.63	41.99	31.24
116	38.41	41.02	40.84	37.42	43.30	44.28	41.91	31.27
117	38.42	40.74	40.51	37.41	43.21	43.96	41.79	31.30
118	38.41	40.47	40.18	37.39	43.10	43.66	41.66	31.34
119	38.39	40.22	39.88	37.36	42.97	43.38	41.51	31.38
120	38.36	39.97	39.60	37.32	42.84	43.12	41.35	31.41
121	38.32	39.75	39.33	37.27	42.71	42.88	41.18	31.45
122	38.27	39.53	39.08	37.21	42.56	42.65	41.01	31.49
123	38.21	39.33	38.84	37.14	42.42	42.42	40.84	31.53
124	38.15	39.14	38.62	37.07	42.28	42.22	40.66	31.56
125	38.09	38.96	38.41	36.99	42.13	42.02	40.49	31.59
126	38.03	38.80	38.22	36.92	41.98	41.83	40.31	31.63
127	37.96	38.63	38.04	36.83	41.83	41.65	40.14	31.66
128	37.90	38.49	37.86	36.74	41.69	41.47	39.97	31.69
129	37.81	38.35	37.72	36.64	41.52	41.35	39.79	31.72
130	37.74	38.37	37.77	36.55	41.37	41.53	39.63	31.75
131	37.66	38.53	38.01	36.47	41.26	41.92	39.52	31.77
132	37.61	38.82	38.35	36.41	41.24	42.39	39.46	31.80
133	37.59	39.16	38.75	36.38	41.28	42.88	39.48	31.83
134	37.58	39.53	39.17	36.37	41.37	43.36	39.54	31.85
135	37.61	39.91	39.60	36.40	41.49	43.81	39.67	31.87
136	37.65	40.28	40.01	36.44	41.65	44.24	39.81	31.89
137	37.73	40.65	40.42	36.51	41.83	44.64	39.99	31.92
138	37.82	41.00	40.82	36.60	42.02	45.02	40.20	31.93
139	37.92	41.34	41.20	36.70	42.22	45.38	40.42	31.97
140	38.03	41.67	41.56	36.81	42.43	45.72	40.65	31.98
141	38.15	41.97	41.91	36.93	42.65	46.02	40.90	32.01
142	38.29	42.27	42.24	37.06	42.86	46.33	41.14	32.04
143	38.42	42.56	42.55	37.20	43.08	46.62	41.38	32.06
144	38.56	42.83	42.84	37.34	43.31	46.90	41.62	32.08
145	38.71	43.09	43.12	37.48	43.53	47.17	41.86	32.10
146	38.86	43.34	43.39	37.63	43.75	47.42	42.10	32.12
147	39.01	43.58	43.64	37.78	43.98	47.67	42.33	32.15
148	39.16	43.81	43.88	37.93	44.20	47.91	42.56	32.18
149	39.31	44.02	44.12	38.08	44.42	48.14	42.78	32.20
150	39.46	44.21	44.28	38.21	44.61	48.28	42.99	32.23
151	39.60	44.24	44.25	38.35	44.80	48.13	43.19	32.24
152	39.73	44.11	44.04	38.48	44.95	47.81	43.34	32.26
153	39.85	43.89	43.74	38.60	45.02	47.41	43.43	32.29
154	39.95	43.60	43.39	38.69	45.04	47.01	43.46	32.31
155	40.02	43.31	43.04	38.76	45.02	46.61	43.46	32.33
156	40.07	43.00	42.68	38.80	44.96	46.24	43.41	32.37
157	40.08	42.69	42.34	38.81	44.87	45.88	43.32	32.39
158	40.08	42.40	42.00	38.80	44.77	45.54	43.20	32.42
159	40.07	42.11	41.66	38.78	44.65	45.23	43.05	32.44
160	40.04	41.85	41.35	38.74	44.52	44.95	42.89	32.47
161	40.00	41.59	41.06	38.69	44.39	44.68	42.73	32.50
162	39.95	41.35	40.78	38.64	44.25	44.41	42.56	32.53
163	39.90	41.13	40.52	38.58	44.10	44.18	42.38	32.57
164	39.85	40.93	40.29	38.52	43.95	43.96	42.20	32.60
165	39.78	40.74	40.07	38.45	43.80	43.74	42.02	32.64
166	39.72	40.55	39.86	38.38	43.65	43.54	41.84	32.67
167	39.64	40.38	39.66	38.30	43.50	43.35	41.66	32.70
168	39.57	40.22	39.48	38.22	43.35	43.16	41.48	32.73
169	39.50	40.06	39.30	38.14	43.19	42.98	41.30	32.75
170	39.42	39.93	39.15	38.04	43.01	42.84	41.12	32.78
171	39.34	39.94	39.20	37.94	42.84	43.01	40.95	32.80
172	39.27	40.11	39.43	37.85	42.73	43.39	40.82	32.82
173	39.21	40.38	39.77	37.79	42.69	43.86	40.76	32.85
174	39.18	40.72	40.17	37.74	42.73	44.34	40.76	32.87
175	39.18	41.09	40.58	37.74	42.82	44.82	40.83	32.89
176	39.20	41.45	41.01	37.75	42.94	45.28	40.94	32.92
177	39.25	41.83	41.43	37.79	43.09	45.70	41.08	32.94
178	39.31	42.19	41.84	37.85	43.26	46.11	41.25	32.96
179	39.39	42.55	42.23	37.94	43.46	46.49	41.45	32.98
180	39.49	42.88	42.61	38.04	43.66	46.84	41.67	33.00
181	39.60	43.21	42.98	38.14	43.86	47.18	41.90	33.02
182	39.72	43.52	43.33	38.27	44.08	47.50	42.13	33.05
183	39.85	43.82	43.65	38.39	44.29	47.81	42.37	33.06
184	39.98	44.10	43.97	38.52	44.51	48.10	42.61	33.08
185	40.12	44.38	44.27	38.66	44.74	48.38	42.85	33.10
186	40.26	44.64	44.55	38.81	44.96	48.64	43.09	33.13
187	40.41	44.89	44.81	38.95	45.18	48.90	43.32	33.15
188	40.56	45.13	45.07	39.10	45.40	49.15	43.56	33.17
189	40.71	45.35	45.31	39.24	45.62	49.38	43.78	33.19
190	40.85	45.57	45.53	39.37	45.84	49.61	44.01	33.21
191	41.00	45.73	45.66	39.50	46.04	49.70	44.20	33.22
192	41.13	45.72	45.60	39.63	46.22	49.52	44.39	33.24
193	41.25	45.58	45.38	39.76	46.36	49.17	44.53	33.25
194	41.37	45.34	45.06	39.87	46.42	48.76	44.62	33.27
195	41.46	45.05	44.71	39.96	46.43	48.34	44.65	33.30
196	41.52	44.73	44.33	40.02	46.40	47.95	44.62	33.33
197	41.56	44.42	43.96	40.05	46.33	47.57	44.55	33.36
198	41.58	44.12	43.61	40.06	46.24	47.21	44.45	33.38
199	41.57	43.82	43.26	40.05	46.13	46.87	44.33	33.40
200	41.55	43.54	42.93	40.03	46.00	46.57	44.19	33.43
201	41.52	43.27	42.62	39.99	45.87	46.26	44.03	33.47
202	41.48	43.01	42.33	39.94	45.72	45.99	43.86	33.49
203	41.43	42.77	42.06	39.88	45.58	45.73	43.68	33.53
204	41.36	42.55	41.80	39.81	45.43	45.48	43.50	33.55
205	41.29	42.33	41.56	39.74	45.27	45.25	43.32	33.58
206	41.22	42.14	41.33	39.66	45.11	45.04	43.13	33.62
207	41.14	41.94	41.12	39.58	44.96	44.83	42.95	33.65
208	41.07	41.76	40.92	39.49	44.80	44.64	42.77	33.68
209	40.99	41.60	40.73	39.41	44.65	44.44	42.59	33.71
210	40.91	41.44	40.55	39.32	44.49	44.27	42.41	33.74
211	40.83	41.33	40.43	39.22	44.33	44.21	42.22	33.77
212	40.73	41.36	40.53	39.12	44.16	44.44	42.07	33.79
213	40.64	41.54	40.79	39.04	44.05	44.84	41.97	33.82
214	40.58	41.83	41.14	38.98	44.02	45.30	41.93	33.85
215	40.54	42.15	41.53	38.94	44.06	45.76	41.96	33.88
216	40.53	42.51	41.94	38.94	44.14	46.22	42.03	33.90
217	40.55	42.87	42.36	38.96	44.27	46.66	42.16	33.93
218	40.59	43.22	42.76	39.00	44.42	47.06	42.31	33.96
219	40.65	43.57	43.16	39.08	44.59	47.45	42.49	33.99
220	40.73	43.91	43.54	39.15	44.77	47.81	42.68	34.00
221	40.83	44.23	43.90	39.26	44.96	48.16	42.90	34.03
222	40.93	44.54	44.25	39.37	45.16	48.48	43.12	34.05
223	41.04	44.84	44.59	39.48	45.37	48.79	43.36	34.07
224	41.17	45.13	44.90	39.61	45.58	49.08	43.59	34.09
225	41.29	45.40	45.20	39.74	45.79	49.36	43.83	34.12
226	41.42	45.66	45.49	39.88	46.01	49.63	44.07	34.14
227	41.56	45.91	45.76	40.02	46.22	49.88	44.30	34.16
228	41.70	46.14	46.01	40.16	46.44	50.13	44.53	34.19
229	41.84	46.37	46.26	40.31	46.65	50.36	44.76	34.21
230	41.98	46.59	46.49	40.45	46.86	50.59	44.98	34.23
231	42.12	46.80	46.71	40.60	47.07	50.81	45.20	34.26
232	42.27	47.00	46.92	40.74	47.28	51.02	45.41	34.29
233	42.40	47.15	47.05	40.85	47.46	51.12	45.59	34.29
234	42.53	47.14	46.99	40.99	47.64	50.95	45.76	34.31
235	42.64	46.99	46.76	41.11	47.77	50.61	45.89	34.33
236	42.75	46.74	46.44	41.22	47.84	50.20	45.97	34.35
237	42.84	46.44	46.07	41.29	47.85	49.77	46.00	34.37
238	42.90	46.12	45.69	41.35	47.81	49.36	45.96	34.39
239	42.93	45.79	45.31	41.37	47.74	48.96	45.89	34.42
240	42.94	45.48	44.93	41.38	47.65	48.59	45.79	34.45
241	42.93	45.16	44.57	41.36	47.53	48.24	45.66	34.48
242	42.91	44.87	44.23	41.33	47.40	47.91	45.51	34.51
243	42.87	44.59	43.90	41.27	47.26	47.61	45.34	34.53
244	42.81	44.33	43.60	41.21	47.11	47.33	45.16	34.56
245	42.76	44.08	43.33	41.15	46.95	47.05	44.99	34.59
246	42.70	43.85	43.06	41.08	46.78	46.79	44.80	34.62
247	42.64	43.62	42.80	41.01	46.62	46.56	44.60	34.65
248	42.56	43.42	42.57	40.92	46.45	46.32	44.41	34.68
249	42.49	43.22	42.36	40.83	46.28	46.10	44.22	34.71
250	42.41	43.03	42.14	40.73	46.11	45.89	44.03	34.73
251	42.33	42.87	41.95	40.65	45.94	45.69	43.85	34.76
252	42.24	42.69	41.76	40.55	45.78	45.50	43.64	34.79
253	42.14	42.57	41.61	40.43	45.60	45.41	43.43	34.81
254	42.04	42.59	41.68	40.33	45.40	45.60	43.26	34.83
255	41.94	42.75	41.91	40.24	45.28	45.97	43.13	34.85
256	41.87	43.03	42.24	40.16	45.23	46.42	43.08	34.87
257	41.82	43.34	42.62	40.12	45.25	46.88	43.08	34.89
258	41.80	43.69	43.02	40.10	45.32	47.33	43.15	34.92
259	41.81	44.04	43.43	40.11	45.44	47.75	43.26	34.94
260	41.84	44.39	43.83	40.15	45.57	48.16	43.40	34.96
261	41.90	44.73	44.23	40.21	45.73	48.54	43.57	34.97
262	41.97	45.07	44.60	40.28	45.91	48.90	43.76	34.99
263	42.05	45.39	44.97	40.37	46.10	49.24	43.96	35.01
264	42.15	45.70	45.31	40.47	46.28	49.56	44.18	35.03
265	42.26	45.99	45.64	40.58	46.48	49.86	44.40	35.05
266	42.37	46.27	45.95	40.70	46.69	50.15	44.62	35.06
267	42.50	46.54	46.25	40.83	46.89	50.42	44.85	35.08
268	42.62	46.79	46.53	40.95	47.10	50.68	45.09	35.09
269	42.75	47.04	46.80	41.09	47.30	50.93	45.31	35.11
270	42.88	47.27	47.06	41.22	47.51	51.17	45.54	35.13
271	43.02	47.50	47.30	41.36	47.72	51.41	45.76	35.15
272	43.16	47.71	47.53	41.50	47.93	51.63	45.97	35.17
273	43.28	47.90	47.69	41.60	48.11	51.79	46.15	35.17
274	43.40	47.95	47.71	41.73	48.29	51.70	46.34	35.18
275	43.52	47.84	47.53	41.85	48.43	51.39	46.50	35.20
276	43.63	47.62	47.23	41.95	48.51	50.99	46.61	35.21
277	43.72	47.34	46.89	42.03	48.53	50.56	46.65	35.22
278	43.79	47.03	46.53	42.09	48.50	50.15	46.64	35.24
279	43.83	46.72	46.16	42.13	48.43	49.75	46.58	35.26
280	43.84	46.41	45.80	42.14	48.35	49.38	46.50	35.28
281	43.84	46.11	45.45	42.13	48.23	49.03	46.38	35.30
282	43.81	45.81	45.11	42.10	48.11	48.70	46.24	35.32
283	43.78	45.53	44.79	42.06	47.97	48.39	46.07	35.34
284	43.72	45.26	44.49	42.00	47.82	48.11	45.90	35.37
285	43.67	45.02	44.21	41.93	47.66	47.84	45.72	35.39
286	43.60	44.77	43.93	41.86	47.51	47.59	45.53	35.42
287	43.53	44.54	43.67	41.76	47.35	47.35	45.33	35.43
288	43.44	44.33	43.43	41.68	47.18	47.12	45.14	35.46
289	43.36	44.13	43.20	41.59	47.02	46.90	44.95	35.48
290	43.28	43.94	43.00	41.50	46.85	46.69	44.76	35.50
291	43.19	43.76	42.80	41.41	46.68	46.49	44.57	35.52
292	43.10	43.58	42.60	41.31	46.52	46.30	44.38	35.54
293	43.00	43.43	42.41	41.20	46.35	46.14	44.18	35.56
294	42.88	43.36	42.40	41.10	46.13	46.18	44.00	35.58
295	42.77	43.47	42.57	41.00	45.97	46.48	43.86	35.60
296	42.70	43.71	42.87	40.92	45.89	46.91	43.78	35.62
297	42.65	44.01	43.24	40.87	45.90	47.37	43.76	35.64
298	42.62	44.35	43.63	40.84	45.95	47.81	43.81	35.67
299	42.62	44.69	44.03	40.84	46.05	48.26	43.90	35.68
300	42.64	45.05	44.44	40.87	46.17	48.67	44.03	35.70
301	42.69	45.39	44.83	40.92	46.32	49.05	44.19	35.72
302	42.75	45.72	45.21	40.99	46.49	49.41	44.37	35.74
303	42.83	46.04	45.57	41.07	46.67	49.76	44.57	35.76
304	42.92	46.35	45.92	41.17	46.85	50.08	44.79	35.78
305	43.03	46.65	46.26	41.28	47.05	50.39	45.01	35.80
306	43.13	46.93	46.58	41.39	47.25	50.68	45.24	35.80
307	43.25	47.19	46.87	41.52	47.44	50.96	45.47	35.83
308	43.37	47.45	47.16	41.65	47.65	51.22	45.70	35.84
309	43.49	47.70	47.44	41.78	47.86	51.47	45.93	35.86
310	43.62	47.93	47.68	41.91	48.07	51.72	46.15	35.88
311	43.75	48.15	47.93	42.04	48.27	51.94	46.38	35.90
312	43.89	48.37	48.15	42.18	48.47	52.16	46.60	35.92
313	44.01	48.55	48.33	42.29	48.65	52.32	46.78	35.92
314	44.13	48.60	48.32	42.40	48.83	52.21	46.97	35.93
315	44.24	48.48	48.13	42.52	48.97	51.90	47.12	35.94
316	44.34	48.25	47.83	42.61	49.05	51.50	47.22	35.95
317	44.41	47.97	47.48	42.67	49.06	51.09	47.26	35.96
318	44.47	47.65	47.10	42.72	49.03	50.68	47.24	35.97
319	44.50	47.33	46.73	42.74	48.96	50.29	47.19	35.98
320	44.51	47.02	46.36	42.73	48.87	49.92	47.09	36.00
321	44.49	46.71	46.00	42.71	48.76	49.58	46.96	36.02
322	44.45	46.42	45.66	42.67	48.63	49.25	46.82	36.04
323	44.41	46.13	45.33	42.62	48.49	48.95	46.66	36.06
324	44.35	45.85	45.03	42.55	48.35	48.65	46.49	36.08
325	44.28	45.59	44.73	42.47	48.19	48.38	46.31	36.10
326	44.20	45.34	44.45	42.39	48.03	48.12	46.12	36.12
327	44.11	45.11	44.20	42.29	47.86	47.88	45.93	36.13
328	44.02	44.89	43.96	42.19	47.70	47.65	45.75	36.15
329	43.93	44.68	43.72	42.09	47.53	47.43	45.56	36.16
330	43.84	44.49	43.50	41.99	47.36	47.22	45.37	36.18
331	43.74	44.30	43.30	41.89	47.20	47.02	45.18	36.20
332	43.65	44.13	43.09	41.80	47.03	46.82	44.99	36.22
333	43.54	43.96	42.89	41.67	46.83	46.63	44.79	36.24
334	43.43	43.90	42.85	41.56	46.63	46.68	44.61	36.26
335	43.34	44.01	43.02	41.46	46.48	47.00	44.47	36.28
336	43.26	44.24	43.32	41.38	46.41	47.43	44.38	36.29
337	43.21	44.54	43.67	41.32	46.41	47.89	44.37	36.32
338	43.17	44.88	44.07	41.29	46.47	48.34	44.40	36.33
339	43.17	45.22	44.46	41.29	46.57	48.77	44.48	36.35
340	43.19	45.58	44.87	41.32	46.70	49.19	44.61	36.36
341	43.23	45.92	45.25	41.36	46.84	49.57	44.77	36.38
342	43.29	46.25	45.63	41.43	47.01	49.93	44.94	36.40
343	43.36	46.57	45.99	41.51	47.19	50.27	45.14	36.41
344	43.45	46.87	46.34	41.60	47.38	50.60	45.34	36.42
345	43.56	47.17	46.67	41.70	47.57	50.90	45.56	36.44
346	43.66	47.45	46.98	41.82	47.77	51.19	45.78	36.45
347	43.78	47.72	47.28	41.94	47.97	51.47	46.00	36.47
348	43.90	47.97	47.56	42.06	48.17	51.73	46.23	36.48
349	44.02	48.21	47.83	42.19	48.38	51.98	46.45	36.49
350	44.15	48.45	48.08	42.32	48.58	52.22	46.68	36.51
351	44.28	48.67	48.33	42.45	48.78	52.45	46.90	36.53
352	44.41	48.88	48.55	42.59	48.98	52.66	47.11	36.55
353	44.52	49.05	48.71	42.70	49.16	52.81	47.30	36.55
354	44.65	49.07	48.69	42.82	49.35	52.68	47.49	36.55
355	44.76	48.94	48.49	42.93	49.47	52.35	47.64	36.56
356	44.86	48.72	48.20	43.03	49.54	51.96	47.73	36.57
357	44.94	48.44	47.86	43.11	49.55	51.54	47.76	36.58
358	44.99	48.12	47.49	43.16	49.51	51.14	47.74	36.59
359	45.02	47.80	47.12	43.19	49.43	50.75	47.67	36.61
360	45.02	47.48	46.77	43.20	49.35	50.38	47.58	36.63
361	45.00	47.19	46.43	43.18	49.24	50.04	47.47	36.65
362	44.98	46.89	46.10	43.14	49.11	49.72	47.33	36.67
363	44.93	46.62	45.79	43.09	48.98	49.42	47.16	36.69
364	44.87	46.35	45.50	43.02	48.83	49.15	47.00	36.71
365	44.81	46.11	45.22	42.95	48.68	48.88	46.82	36.72
366	44.73	45.87	44.95	42.87	48.52	48.63	46.64	36.74
367	44.66	45.65	44.69	42.78	48.36	48.40	46.44	36.75
368	44.58	45.44	44.45	42.69	48.20	48.17	46.26	36.77
369	44.49	45.24	44.23	42.59	48.03	47.96	46.07	36.78
370	44.40	45.06	44.03	42.51	47.87	47.75	45.89	36.80
371	44.31	44.88	43.83	42.42	47.70	47.56	45.70	36.82
372	44.22	44.71	43.65	42.33	47.53	47.37	45.51	36.85
373	44.12	44.57	43.47	42.21	47.37	47.22	45.31	36.86
374	44.01	44.53	43.49	42.10	47.18	47.33	45.13	36.87
375	43.91	44.66	43.69	41.99	47.05	47.67	44.99	36.88
376	43.83	44.91	44.00	41.91	46.98	48.11	44.92	36.89
377	43.78	45.21	44.37	41.86	46.99	48.56	44.91	36.90
378	43.75	45.55	44.76	41.84	47.06	49.02	44.96	36.91
379	43.74	45.90	45.16	41.84	47.15	49.44	45.05	36.92
380	43.76	46.25	45.55	41.87	47.29	49.85	45.18	36.94
381	43.81	46.58	45.93	41.91	47.44	50.23	45.33	36.94
382	43.87	46.91	46.31	41.98	47.61	50.59	45.52	36.96
383	43.95	47.22	46.66	42.06	47.78	50.92	45.72	36.96
384	44.04	47.53	47.00	42.15	47.97	51.23	45.93	36.97
385	44.14	47.81	47.32	42.26	48.17	51.54	46.15	36.99
386	44.24	48.09	47.63	42.37	48.36	51.82	46.37	37.00
387	44.35	48.34	47.92	42.49	48.56	52.08	46.60	37.01
388	44.48	48.59	48.20	42.62	48.77	52.34	46.82	37.02
389	44.60	48.83	48.46	42.74	48.97	52.59	47.04	37.03
390	44.73	49.06	48.71	42.87	49.18	52.83	47.26	37.05
391	44.85	49.28	48.94	43.01	49.37	53.05	47.48	37.06
392	44.98	49.48	49.17	43.14	49.58	53.27	47.69	37.08
393	45.11	49.69	49.38	43.27	49.77	53.48	47.90	37.09
394	45.24	49.87	49.57	43.40	49.97	53.68	48.10	37.11
395	45.36	49.99	49.67	43.51	50.14	53.73	48.28	37.10
396	45.48	49.95	49.57	43.62	50.29	53.51	48.44	37.11
397	45.59	49.77	49.32	43.74	50.40	53.14	48.55	37.12
398	45.67	49.51	48.99	43.83	50.44	52.72	48.61	37.13
399	45.74	49.20	48.61	43.90	50.42	52.30	48.62	37.15
400	45.78	48.88	48.24	43.94	50.37	51.89	48.58	37.17
401	45.80	48.55	47.85	43.95	50.29	51.51	48.50	37.18
402	45.79	48.24	47.49	43.94	50.19	51.14	48.39	37.19
403	45.77	47.93	47.13	43.91	50.06	50.80	48.26	37.22
404	45.73	47.63	46.79	43.86	49.93	50.49	48.10	37.23
405	45.68	47.36	46.47	43.80	49.79	50.18	47.92	37.25
406	45.58	47.01	46.15	43.66	49.54	49.77	47.72	37.24
407	45.42	46.57	45.77	43.31	49.04	49.00	47.38	37.09
408	45.25	46.20	45.46	43.19	48.65	48.52	47.12	37.09
409	45.10	45.93	45.19	43.15	48.42	48.31	46.92	37.13
410	44.99	45.71	44.95	43.09	48.27	48.13	46.73	37.16
411	44.90	45.51	44.71	43.01	48.12	47.95	46.54	37.19
412	44.81	45.33	44.48	42.92	47.97	47.77	46.35	37.22
413	44.71	45.15	44.27	42.83	47.81	47.59	46.16	37.24
414	44.61	44.98	44.06	42.74	47.65	47.41	45.96	37.27
415	44.49	44.89	43.99	42.63	47.45	47.43	45.76	37.28
416	44.39	44.97	44.12	42.53	47.29	47.71	45.60	37.30
417	44.30	45.18	44.38	42.44	47.21	48.13	45.49	37.32
418	44.23	45.46	44.72	42.37	47.19	48.57	45.45	37.33
419	44.19	45.79	45.09	42.33	47.23	49.02	45.47	37.34
420	44.17	46.11	45.47	42.32	47.33	49.45	45.54	37.35
421	44.18	46.46	45.86	42.33	47.44	49.85	45.64	37.37
422	44.21	46.79	46.23	42.38	47.58	50.24	45.79	37.38
423	44.26	47.11	46.60	42.43	47.74	50.59	45.95	37.40
424	44.33	47.43	46.95	42.50	47.92	50.93	46.13	37.41
425	44.41	47.72	47.28	42.59	48.10	51.25	46.33	37.42
426	44.50	48.01	47.60	42.68	48.29	51.55	46.53	37.43
427	44.60	48.28	47.91	42.79	48.48	51.83	46.74	37.44
428	44.71	48.54	48.19	42.90	48.67	52.11	46.95	37.45
429	44.83	48.79	48.46	43.02	48.87	52.36	47.17	37.46
430	44.94	49.03	48.72	43.14	49.07	52.61	47.39	37.48
431	45.07	49.25	48.97	43.26	49.27	52.85	47.60	37.49
432	45.18	49.47	49.20	43.39	49.47	53.07	47.80	37.50
433	45.31	49.68	49.43	43.51	49.66	53.30	48.01	37.51
434	45.43	49.86	49.62	43.62	49.85	53.48	48.21	37.52
435	45.54	49.93	49.65	43.73	50.02	53.43	48.39	37.52
436	45.65	49.85	49.49	43.84	50.16	53.15	48.54	37.51
437	45.75	49.64	49.21	43.95	50.25	52.76	48.64	37.53
438	45.83	49.36	48.87	44.03	50.27	52.35	48.67	37.54
439	45.89	49.05	48.48	44.05	50.24	51.94	48.66	37.53
440	45.91	48.73	48.10	44.04	50.15	51.53	48.58	37.52
441	45.92	48.42	47.73	44.04	50.03	51.13	48.47	37.52
442	45.91	48.11	47.38	44.02	49.91	50.77	48.34	37.53
443	45.88	47.81	47.04	43.98	49.77	50.43	48.19	37.53
444	45.85	47.52	46.68	43.89	49.61	50.10	48.00	37.52
445	45.79	47.25	46.37	43.84	49.44	49.81	47.81	37.53
446	45.71	46.99	46.09	43.78	49.29	49.53	47.64	37.55
447	45.64	46.75	45.82	43.70	49.14	49.27	47.44	37.56
448	45.57	46.52	45.56	43.61	48.97	49.02	47.26	37.58
449	45.48	46.30	45.32	43.50	48.78	48.77	47.06	37.60
450	45.39	46.09	45.09	43.41	48.60	48.54	46.86	37.61
451	45.30	45.90	44.88	43.31	48.43	48.32	46.67	37.61
452	45.21	45.71	44.68	43.22	48.27	48.12	46.48	37.63
453	45.11	45.53	44.49	43.13	48.10	47.93	46.31	37.64
454	45.02	45.36	44.31	43.03	47.93	47.74	46.12	37.66
455	44.92	45.21	44.11	42.91	47.75	47.58	45.91	37.66
456	44.80	45.17	44.10	42.78	47.56	47.67	45.73	37.66
457	44.70	45.29	44.28	42.66	47.42	48.01	45.58	37.67
458	44.61	45.53	44.58	42.57	47.35	48.44	45.49	37.66
459	44.54	45.83	44.94	42.51	47.35	48.89	45.48	37.68
460	44.51	46.16	45.33	42.47	47.41	49.34	45.52	37.68
461	44.50	46.50	45.72	42.47	47.51	49.76	45.61	37.68
462	44.51	46.84	46.11	42.49	47.64	50.17	45.74	37.70
463	44.55	47.17	46.49	42.53	47.79	50.55	45.89	37.70
464	44.61	47.50	46.86	42.59	47.96	50.91	46.07	37.71
465	44.68	47.82	47.22	42.67	48.14	51.24	46.27	37.71
466	44.76	48.11	47.56	42.75	48.32	51.56	46.48	37.72
467	44.86	48.40	47.87	42.85	48.51	51.86	46.70	37.73
468	44.95	48.67	48.18	42.96	48.71	52.14	46.91	37.74
469	45.07	48.93	48.47	43.07	48.91	52.42	47.14	37.74
470	45.18	49.18	48.75	43.20	49.12	52.68	47.36	37.75
471	45.30	49.41	49.01	43.33	49.32	52.92	47.59	37.76
472	45.42	49.64	49.26	43.45	49.53	53.16	47.81	37.77
473	45.54	49.85	49.50	43.58	49.73	53.39	48.03	37.78
474	45.66	50.06	49.71	43.69	49.92	53.60	48.23	37.79
475	45.77	50.20	49.84	43.80	50.10	53.68	48.42	37.78
476	45.88	50.18	49.76	43.91	50.27	53.49	48.59	37.77
477	45.99	50.01	49.53	44.01	50.38	53.15	48.73	37.78
478	46.07	49.76	49.21	44.10	50.44	52.74	48.80	37.78
479	46.13	49.47	48.85	44.15	50.42	52.33	48.81	37.78
480	46.16	49.15	48.48	44.19	50.38	51.93	48.78	37.79
481	46.18	48.83	48.11	44.20	50.30	51.55	48.71	37.79
482	46.17	48.52	47.75	44.18	50.21	51.19	48.60	37.80
483	46.14	48.21	47.40	44.15	50.09	50.86	48.48	37.81
484	46.10	47.92	47.07	44.10	49.96	50.55	48.33	37.82
485	46.04	47.64	46.77	44.04	49.81	50.25	48.17	37.84
486	45.98	47.38	46.47	43.97	49.67	49.98	47.99	37.85
487	45.91	47.13	46.19	43.89	49.51	49.72	47.81	37.86
488	45.83	46.89	45.92	43.80	49.35	49.46	47.63	37.86
489	45.76	46.67	45.66	43.71	49.18	49.23	47.43	37.88
490	45.67	46.47	45.42	43.61	49.01	49.00	47.24	37.89
491	45.58	46.26	45.19	43.51	48.84	48.78	47.04	37.89
492	45.49	46.07	44.98	43.41	48.67	48.57	46.86	37.91
493	45.39	45.90	44.79	43.31	48.50	48.38	46.68	37.91
